# Variants on HOR units of type: 5m2-8 / 148
midx	pos	bas	count	freq	   p-val	 cfd.
  2	 79	T	  135	91.22	1.11e-16	   0.00
  2	 16	A	  128	86.49	1.11e-16	   0.00
  2	 29	G	  127	85.81	1.11e-16	   0.00
  1	 17	T	  126	85.14	1.11e-16	   0.00
  1	156	C	  120	81.08	1.11e-16	   0.00
  2	 54	A	  120	81.08	1.11e-16	   0.00
  2	 59	A	  120	81.08	1.11e-16	   0.00
  2	 25	G	  119	80.41	1.11e-16	   0.00
  2	 72	A	  117	79.05	1.11e-16	   0.00
  2	 76	G	  113	76.35	1.11e-16	   0.00
  2	 19	T	  112	75.68	1.11e-16	   0.00
  4	151	A	  102	68.92	1.11e-16	   0.00
  3	149	A	  101	68.24	1.11e-16	   0.00
  1	  9	A	  100	67.57	1.11e-16	   0.00
  0	154	T	   99	66.89	1.11e-16	   0.00
  1	163	C	   96	64.86	1.11e-16	   0.00
  4	 76	T	   93	62.84	1.11e-16	   0.00
  2	 17	A	   92	62.16	1.11e-16	   0.00
  3	113	A	   92	62.16	1.11e-16	   0.00
  2	 41	A	   90	60.81	1.11e-16	   0.00
  2	 42	T	   90	60.81	1.11e-16	   0.00
  2	 43	G	   89	60.14	1.11e-16	   0.00
  3	124	G	   88	59.46	1.11e-16	   0.00
  2	 39	C	   62	41.89	1.11e-16	   0.00
  0	 22	T	   41	27.70	1.11e-16	   0.00
  2	127	T	   32	21.62	1.11e-16	   0.00
  0	 21	A	   31	20.95	1.11e-16	   0.00
  4	132	C	   27	18.24	8.55e-15	   0.00
  1	161	C	   25	16.89	4.61e-13	   0.00
  0	141	A	   24	16.22	3.17e-12	   0.00
  0	122	C	   20	13.51	4.41e-09	   0.00
  3	  8	G	   18	12.16	1.20e-07	   0.00
  2	 43	T	   16	10.81	2.60e-06	   0.00
  4	 72	C	   16	10.81	2.60e-06	   0.00
  1	 61	G	   15	10.14	1.10e-05	   0.00
  2	 42	A	   14	9.46	4.39e-05	   0.01
  2	 22	A	   14	9.46	4.39e-05	   0.01
  3	 55	C	   14	9.46	4.39e-05	   0.01
  3	 56	T	   14	9.46	4.39e-05	   0.01
  1	110	C	   14	9.46	4.39e-05	   0.01
  4	148	A	   14	9.46	4.39e-05	   0.01
  3	121	G	   13	8.78	1.63e-04	   0.02
  0	111	A	   13	8.78	1.63e-04	   0.02
  3	139	G	   12	8.11	5.61e-04	   0.08
  1	 62	A	   12	8.11	5.61e-04	   0.08
  2	 37	G	   12	8.11	5.61e-04	   0.08
  4	159	G	   11	7.43	1.79e-03	   0.27
  3	141	A	   11	7.43	1.79e-03	   0.27
  2	 21	T	   10	6.76	5.28e-03	   0.78
  0	 52	A	   10	6.76	5.28e-03	   0.78
  4	 81	A	    9	6.08	1.43e-02	   2.11
  2	 76	A	    9	6.08	1.43e-02	   2.11
  2	 55	C	    9	6.08	1.43e-02	   2.11
  1	 58	C	    8	5.41	3.52e-02	   5.21
  0	163	C	    8	5.41	3.52e-02	   5.21
  3	 39	C	    8	5.41	3.52e-02	   5.21
  4	141	C	    8	5.41	3.52e-02	   5.21
  0	 31	T	    8	5.41	3.52e-02	   5.21
  1	  4	C	    8	5.41	3.52e-02	   5.21
  2	 31	T	    8	5.41	3.52e-02	   5.21
  4	143	C	    8	5.41	3.52e-02	   5.21
  0	105	A	    8	5.41	3.52e-02	   5.21
  4	 12	G	    8	5.41	3.52e-02	   5.21
  4	 22	A	    8	5.41	3.52e-02	   5.21
  3	 58	C	    8	5.41	3.52e-02	   5.21
  2	 73	G	    8	5.41	3.52e-02	   5.21
  0	 22	A	    8	5.41	3.52e-02	   5.21
  3	152	T	    8	5.41	3.52e-02	   5.21
  3	 22	A	    7	4.73	7.86e-02	  11.64
  4	129	C	    7	4.73	7.86e-02	  11.64
  4	142	T	    7	4.73	7.86e-02	  11.64
  3	133	C	    7	4.73	7.86e-02	  11.64
  0	140	T	    7	4.73	7.86e-02	  11.64
  0	153	T	    7	4.73	7.86e-02	  11.64
  0	104	A	    7	4.73	7.86e-02	  11.64
  2	 36	C	    7	4.73	7.86e-02	  11.64
  2	 38	A	    7	4.73	7.86e-02	  11.64
  3	163	G	    7	4.73	7.86e-02	  11.64
  3	114	A	    7	4.73	7.86e-02	  11.64
  1	 22	A	    7	4.73	7.86e-02	  11.64
  4	 83	T	    7	4.73	7.86e-02	  11.64
  3	 59	C	    7	4.73	7.86e-02	  11.64
  2	 45	G	    6	4.05	1.58e-01	  23.43
  4	102	A	    6	4.05	1.58e-01	  23.43
  4	 41	T	    6	4.05	1.58e-01	  23.43
  1	136	A	    6	4.05	1.58e-01	  23.43
  2	 17	T	    6	4.05	1.58e-01	  23.43
  2	 40	T	    6	4.05	1.58e-01	  23.43
  2	 52	T	    6	4.05	1.58e-01	  23.43
  2	116	T	    6	4.05	1.58e-01	  23.43
  0	135	C	    6	4.05	1.58e-01	  23.43
  4	150	C	    6	4.05	1.58e-01	  23.43
  4	 76	A	    6	4.05	1.58e-01	  23.43
  2	 91	C	    6	4.05	1.58e-01	  23.43
  3	 43	A	    6	4.05	1.58e-01	  23.43
  0	 29	C	    6	4.05	1.58e-01	  23.43
  0	 41	T	    6	4.05	1.58e-01	  23.43
  1	 32	G	    5	3.38	2.85e-01	  42.24
  0	 66	A	    5	3.38	2.85e-01	  42.24
  1	 72	T	    5	3.38	2.85e-01	  42.24
  2	 77	G	    5	3.38	2.85e-01	  42.24
  3	 40	T	    5	3.38	2.85e-01	  42.24
  4	131	A	    5	3.38	2.85e-01	  42.24
  1	 59	C	    5	3.38	2.85e-01	  42.24
  0	 28	T	    5	3.38	2.85e-01	  42.24
  2	 39	G	    5	3.38	2.85e-01	  42.24
  2	 74	G	    5	3.38	2.85e-01	  42.24
  3	105	A	    5	3.38	2.85e-01	  42.24
  4	163	G	    5	3.38	2.85e-01	  42.24
  4	  7	C	    5	3.38	2.85e-01	  42.24
  1	 31	C	    5	3.38	2.85e-01	  42.24
  1	 53	C	    5	3.38	2.85e-01	  42.24
  2	 47	C	    5	3.38	2.85e-01	  42.24
  2	 54	G	    5	3.38	2.85e-01	  42.24
  4	108	G	    5	3.38	2.85e-01	  42.24
  2	151	C	    5	3.38	2.85e-01	  42.24
  3	 33	C	    5	3.38	2.85e-01	  42.24
  4	 64	G	    5	3.38	2.85e-01	  42.24
  4	 75	A	    5	3.38	2.85e-01	  42.24
  4	 89	A	    5	3.38	2.85e-01	  42.24
  2	 60	C	    5	3.38	2.85e-01	  42.24
  4	 79	T	    5	3.38	2.85e-01	  42.24
  4	 69	G	    5	3.38	2.85e-01	  42.24
  1	 79	G	    5	3.38	2.85e-01	  42.24
  1	 74	G	    5	3.38	2.85e-01	  42.24
  4	 47	C	    5	3.38	2.85e-01	  42.24
  3	 17	T	    5	3.38	2.85e-01	  42.24
  0	 52	T	    5	3.38	2.85e-01	  42.24
  3	153	T	    5	3.38	2.85e-01	  42.24
  0	136	A	    5	3.38	2.85e-01	  42.24
  1	 99	T	    4	2.70	4.58e-01	  67.75
  1	107	G	    4	2.70	4.58e-01	  67.75
  2	 42	G	    4	2.70	4.58e-01	  67.75
  1	 56	T	    4	2.70	4.58e-01	  67.75
  3	 41	T	    4	2.70	4.58e-01	  67.75
  0	 25	C	    4	2.70	4.58e-01	  67.75
  3	108	C	    4	2.70	4.58e-01	  67.75
  4	130	T	    4	2.70	4.58e-01	  67.75
  2	117	A	    4	2.70	4.58e-01	  67.75
  1	160	C	    4	2.70	4.58e-01	  67.75
  4	162	C	    4	2.70	4.58e-01	  67.75
  1	 20	C	    4	2.70	4.58e-01	  67.75
  2	 68	A	    4	2.70	4.58e-01	  67.75
  2	 70	G	    4	2.70	4.58e-01	  67.75
  2	 72	G	    4	2.70	4.58e-01	  67.75
  4	 77	T	    4	2.70	4.58e-01	  67.75
  0	100	T	    4	2.70	4.58e-01	  67.75
  0	 16	C	    4	2.70	4.58e-01	  67.75
  0	138	G	    4	2.70	4.58e-01	  67.75
  4	134	G	    4	2.70	4.58e-01	  67.75
  4	150	A	    4	2.70	4.58e-01	  67.75
  3	 37	G	    4	2.70	4.58e-01	  67.75
  4	124	G	    4	2.70	4.58e-01	  67.75
  4	 56	T	    4	2.70	4.58e-01	  67.75
  1	 66	A	    4	2.70	4.58e-01	  67.75
  1	161	G	    4	2.70	4.58e-01	  67.75
  2	 27	G	    4	2.70	4.58e-01	  67.75
  4	 11	G	    4	2.70	4.58e-01	  67.75
  3	109	G	    4	2.70	4.58e-01	  67.75
  1	 37	G	    4	2.70	4.58e-01	  67.75
  2	 29	A	    4	2.70	4.58e-01	  67.75
  2	 84	T	    4	2.70	4.58e-01	  67.75
  2	 85	C	    4	2.70	4.58e-01	  67.75
  0	 93	A	    4	2.70	4.58e-01	  67.75
  2	119	T	    4	2.70	4.58e-01	  67.75
  3	 52	T	    4	2.70	4.58e-01	  67.75
  4	 43	T	    4	2.70	4.58e-01	  67.75
  2	 59	G	    4	2.70	4.58e-01	  67.75
  4	116	T	    4	2.70	4.58e-01	  67.75
  1	 42	T	    4	2.70	4.58e-01	  67.75
  1	 99	A	    4	2.70	4.58e-01	  67.75
  2	 41	G	    4	2.70	4.58e-01	  67.75
  4	 63	C	    4	2.70	4.58e-01	  67.75
  2	151	G	    4	2.70	4.58e-01	  67.75
  4	 13	T	    4	2.70	4.58e-01	  67.75
  4	 88	G	    4	2.70	4.58e-01	  67.75
  4	105	C	    4	2.70	4.58e-01	  67.75
  0	126	A	    4	2.70	4.58e-01	  67.75
  2	 56	A	    4	2.70	4.58e-01	  67.75
  0	 37	G	    4	2.70	4.58e-01	  67.75
  0	 95	G	    4	2.70	4.58e-01	  67.75
  1	 78	G	    4	2.70	4.58e-01	  67.75
  0	 23	A	    4	2.70	4.58e-01	  67.75
  0	 56	T	    4	2.70	4.58e-01	  67.75
  0	134	A	    4	2.70	4.58e-01	  67.75
  3	 86	C	    4	2.70	4.58e-01	  67.75
  1	 21	T	    4	2.70	4.58e-01	  67.75
  2	 61	A	    4	2.70	4.58e-01	  67.75
  3	153	A	    4	2.70	4.58e-01	  67.75
  4	 17	T	    4	2.70	4.58e-01	  67.75
  0	119	T	    4	2.70	4.58e-01	  67.75
  0	 88	T	    4	2.70	4.58e-01	  67.75
  0	 42	G	    4	2.70	4.58e-01	  67.75
  2	118	A	    4	2.70	4.58e-01	  67.75
  4	 78	T	    4	2.70	4.58e-01	  67.75
  4	123	C	    4	2.70	4.58e-01	  67.75
  2	150	C	    4	2.70	4.58e-01	  67.75
  2	 58	C	    4	2.70	4.58e-01	  67.75
  3	156	C	    4	2.70	4.58e-01	  67.75
  4	 99	T	    4	2.70	4.58e-01	  67.75
  0	103	A	    3	2.03	6.51e-01	  96.39
  0	142	A	    3	2.03	6.51e-01	  96.39
  1	100	T	    3	2.03	6.51e-01	  96.39
  1	115	G	    3	2.03	6.51e-01	  96.39
  3	 91	C	    3	2.03	6.51e-01	  96.39
  0	123	T	    3	2.03	6.51e-01	  96.39
  0	 84	T	    3	2.03	6.51e-01	  96.39
  2	152	T	    3	2.03	6.51e-01	  96.39
  2	156	A	    3	2.03	6.51e-01	  96.39
  1	126	T	    3	2.03	6.51e-01	  96.39
  4	 82	T	    3	2.03	6.51e-01	  96.39
  0	104	T	    3	2.03	6.51e-01	  96.39
  3	  5	C	    3	2.03	6.51e-01	  96.39
  4	115	T	    3	2.03	6.51e-01	  96.39
  4	118	A	    3	2.03	6.51e-01	  96.39
  1	 89	C	    3	2.03	6.51e-01	  96.39
  0	 39	C	    3	2.03	6.51e-01	  96.39
  4	161	T	    3	2.03	6.51e-01	  96.39
  1	 21	A	    3	2.03	6.51e-01	  96.39
  3	123	A	    3	2.03	6.51e-01	  96.39
  3	141	T	    3	2.03	6.51e-01	  96.39
  4	 80	T	    3	2.03	6.51e-01	  96.39
  4	 31	G	    3	2.03	6.51e-01	  96.39
  0	 98	C	    3	2.03	6.51e-01	  96.39
  4	 21	T	    3	2.03	6.51e-01	  96.39
  0	129	C	    3	2.03	6.51e-01	  96.39
  0	130	A	    3	2.03	6.51e-01	  96.39
  1	 47	C	    3	2.03	6.51e-01	  96.39
  1	 82	A	    3	2.03	6.51e-01	  96.39
  0	121	C	    3	2.03	6.51e-01	  96.39
  2	 44	T	    3	2.03	6.51e-01	  96.39
  2	 53	T	    3	2.03	6.51e-01	  96.39
  2	114	A	    3	2.03	6.51e-01	  96.39
  3	 82	A	    3	2.03	6.51e-01	  96.39
  3	117	T	    3	2.03	6.51e-01	  96.39
  0	118	C	    3	2.03	6.51e-01	  96.39
  1	146	C	    3	2.03	6.51e-01	  96.39
  3	148	G	    3	2.03	6.51e-01	  96.39
  0	157	G	    3	2.03	6.51e-01	  96.39
  2	  6	T	    3	2.03	6.51e-01	  96.39
  3	  7	C	    3	2.03	6.51e-01	  96.39
  2	 13	G	    3	2.03	6.51e-01	  96.39
  2	 78	T	    3	2.03	6.51e-01	  96.39
  2	 79	C	    3	2.03	6.51e-01	  96.39
  2	 81	T	    3	2.03	6.51e-01	  96.39
  2	143	G	    3	2.03	6.51e-01	  96.39
  3	104	A	    3	2.03	6.51e-01	  96.39
  4	 32	G	    3	2.03	6.51e-01	  96.39
  4	 37	G	    3	2.03	6.51e-01	  96.39
  1	133	A	    3	2.03	6.51e-01	  96.39
  1	156	A	    3	2.03	6.51e-01	  96.39
  2	100	T	    3	2.03	6.51e-01	  96.39
  3	 55	G	    3	2.03	6.51e-01	  96.39
  1	 75	A	    3	2.03	6.51e-01	  96.39
  2	152	G	    3	2.03	6.51e-01	  96.39
  0	 21	T	    3	2.03	6.51e-01	  96.39
  0	 34	C	    3	2.03	6.51e-01	  96.39
  1	129	C	    3	2.03	6.51e-01	  96.39
  4	 42	T	    3	2.03	6.51e-01	  96.39
  4	 48	G	    3	2.03	6.51e-01	  96.39
  0	133	A	    3	2.03	6.51e-01	  96.39
  2	 39	A	    3	2.03	6.51e-01	  96.39
  3	103	A	    3	2.03	6.51e-01	  96.39
  2	108	A	    3	2.03	6.51e-01	  96.39
  3	 79	G	    3	2.03	6.51e-01	  96.39
  4	 59	C	    3	2.03	6.51e-01	  96.39
  0	116	T	    3	2.03	6.51e-01	  96.39
  0	162	T	    3	2.03	6.51e-01	  96.39
  1	113	T	    3	2.03	6.51e-01	  96.39
  2	 34	C	    3	2.03	6.51e-01	  96.39
  4	103	C	    3	2.03	6.51e-01	  96.39
  2	 60	G	    3	2.03	6.51e-01	  96.39
  3	111	C	    3	2.03	6.51e-01	  96.39
  3	147	G	    3	2.03	6.51e-01	  96.39
  1	 95	G	    3	2.03	6.51e-01	  96.39
  2	 81	C	    3	2.03	6.51e-01	  96.39
  3	 23	A	    3	2.03	6.51e-01	  96.39
  3	 25	T	    3	2.03	6.51e-01	  96.39
  3	 26	T	    3	2.03	6.51e-01	  96.39
  0	 15	G	    3	2.03	6.51e-01	  96.39
  3	102	G	    3	2.03	6.51e-01	  96.39
  0	139	G	    3	2.03	6.51e-01	  96.39
  4	117	G	    3	2.03	6.51e-01	  96.39
  0	 24	T	    3	2.03	6.51e-01	  96.39
  2	 52	G	    3	2.03	6.51e-01	  96.39
  3	 76	A	    3	2.03	6.51e-01	  96.39
  4	 89	T	    3	2.03	6.51e-01	  96.39
  3	 44	A	    3	2.03	6.51e-01	  96.39
  3	 46	T	    3	2.03	6.51e-01	  96.39
  3	 93	A	    3	2.03	6.51e-01	  96.39
  3	136	A	    3	2.03	6.51e-01	  96.39
  3	 41	G	    3	2.03	6.51e-01	  96.39
  4	 10	A	    3	2.03	6.51e-01	  96.39
  1	 57	A	    3	2.03	6.51e-01	  96.39
  2	 62	A	    3	2.03	6.51e-01	  96.39
  3	122	C	    3	2.03	6.51e-01	  96.39
  0	161	G	    3	2.03	6.51e-01	  96.39
  2	 60	A	    3	2.03	6.51e-01	  96.39
  4	 59	G	    3	2.03	6.51e-01	  96.39
  3	 59	G	    3	2.03	6.51e-01	  96.39
  0	122	G	    3	2.03	6.51e-01	  96.39
  0	 55	C	    3	2.03	6.51e-01	  96.39
  1	111	C	    3	2.03	6.51e-01	  96.39
  1	 76	T	    3	2.03	6.51e-01	  96.39
  3	 90	A	    3	2.03	6.51e-01	  96.39
  4	 22	C	    3	2.03	6.51e-01	  96.39
  3	 16	G	    3	2.03	6.51e-01	  96.39
  1	119	T	    3	2.03	6.51e-01	  96.39
  4	121	A	    3	2.03	6.51e-01	  96.39
  4	122	A	    3	2.03	6.51e-01	  96.39
  4	130	A	    3	2.03	6.51e-01	  96.39
  0	 72	C	    3	2.03	6.51e-01	  96.39
  3	 84	T	    3	2.03	6.51e-01	  96.39
  4	 90	C	    3	2.03	6.51e-01	  96.39
  2	 61	G	    3	2.03	6.51e-01	  96.39
  3	104	T	    3	2.03	6.51e-01	  96.39
  4	149	A	    3	2.03	6.51e-01	  96.39
  1	138	G	    3	2.03	6.51e-01	  96.39
  4	 87	C	    3	2.03	6.51e-01	  96.39
  4	105	G	    3	2.03	6.51e-01	  96.39
  0	 54	G	    3	2.03	6.51e-01	  96.39
  4	151	T	    3	2.03	6.51e-01	  96.39
  1	 75	G	    3	2.03	6.51e-01	  96.39
  2	122	G	    3	2.03	6.51e-01	  96.39
  1	117	A	    3	2.03	6.51e-01	  96.39
  4	 86	C	    3	2.03	6.51e-01	  96.39
  0	 50	G	    3	2.03	6.51e-01	  96.39
  3	127	G	    3	2.03	6.51e-01	  96.39
  2	 52	A	    3	2.03	6.51e-01	  96.39
  3	 72	C	    3	2.03	6.51e-01	  96.39
  3	139	T	    3	2.03	6.51e-01	  96.39
  3	100	T	    3	2.03	6.51e-01	  96.39
  3	 85	T	    3	2.03	6.51e-01	  96.39
  4	 65	A	    3	2.03	6.51e-01	  96.39
  0	112	A	    3	2.03	6.51e-01	  96.39
  1	104	C	    3	2.03	6.51e-01	  96.39
  3	141	C	    3	2.03	6.51e-01	  96.39
  1	116	A	    2	1.35	8.24e-01	 121.93
  3	 51	G	    2	1.35	8.24e-01	 121.93
  4	 45	G	    2	1.35	8.24e-01	 121.93
  2	166	G	    2	1.35	8.24e-01	 121.93
  1	 83	C	    2	1.35	8.24e-01	 121.93
  3	 40	G	    2	1.35	8.24e-01	 121.93
  0	 23	T	    2	1.35	8.24e-01	 121.93
  0	 83	C	    2	1.35	8.24e-01	 121.93
  2	 64	C	    2	1.35	8.24e-01	 121.93
  3	 56	G	    2	1.35	8.24e-01	 121.93
  1	127	T	    2	1.35	8.24e-01	 121.93
  0	  8	G	    2	1.35	8.24e-01	 121.93
  3	160	C	    2	1.35	8.24e-01	 121.93
  0	155	G	    2	1.35	8.24e-01	 121.93
  0	156	C	    2	1.35	8.24e-01	 121.93
  3	 68	A	    2	1.35	8.24e-01	 121.93
  0	 37	T	    2	1.35	8.24e-01	 121.93
  4	 57	A	    2	1.35	8.24e-01	 121.93
  4	 76	G	    2	1.35	8.24e-01	 121.93
  4	 78	G	    2	1.35	8.24e-01	 121.93
  4	 81	G	    2	1.35	8.24e-01	 121.93
  4	152	G	    2	1.35	8.24e-01	 121.93
  4	165	G	    2	1.35	8.24e-01	 121.93
  0	113	A	    2	1.35	8.24e-01	 121.93
  4	 30	A	    2	1.35	8.24e-01	 121.93
  0	 97	T	    2	1.35	8.24e-01	 121.93
  1	155	C	    2	1.35	8.24e-01	 121.93
  3	 73	C	    2	1.35	8.24e-01	 121.93
  3	 75	T	    2	1.35	8.24e-01	 121.93
  0	 49	A	    2	1.35	8.24e-01	 121.93
  0	 51	T	    2	1.35	8.24e-01	 121.93
  0	125	C	    2	1.35	8.24e-01	 121.93
  3	 59	A	    2	1.35	8.24e-01	 121.93
  3	 68	T	    2	1.35	8.24e-01	 121.93
  3	 69	T	    2	1.35	8.24e-01	 121.93
  4	 73	C	    2	1.35	8.24e-01	 121.93
  0	116	A	    2	1.35	8.24e-01	 121.93
  2	154	C	    2	1.35	8.24e-01	 121.93
  0	 92	T	    2	1.35	8.24e-01	 121.93
  0	141	T	    2	1.35	8.24e-01	 121.93
  1	 62	T	    2	1.35	8.24e-01	 121.93
  1	153	T	    2	1.35	8.24e-01	 121.93
  2	 47	A	    2	1.35	8.24e-01	 121.93
  2	 69	T	    2	1.35	8.24e-01	 121.93
  2	 73	A	    2	1.35	8.24e-01	 121.93
  3	 20	C	    2	1.35	8.24e-01	 121.93
  3	118	C	    2	1.35	8.24e-01	 121.93
  4	112	G	    2	1.35	8.24e-01	 121.93
  0	117	T	    2	1.35	8.24e-01	 121.93
  1	  9	T	    2	1.35	8.24e-01	 121.93
  2	118	T	    2	1.35	8.24e-01	 121.93
  0	 41	G	    2	1.35	8.24e-01	 121.93
  0	137	G	    2	1.35	8.24e-01	 121.93
  1	147	G	    2	1.35	8.24e-01	 121.93
  3	 65	C	    2	1.35	8.24e-01	 121.93
  0	 25	G	    2	1.35	8.24e-01	 121.93
  0	 47	C	    2	1.35	8.24e-01	 121.93
  2	 21	C	    2	1.35	8.24e-01	 121.93
  2	135	G	    2	1.35	8.24e-01	 121.93
  2	137	A	    2	1.35	8.24e-01	 121.93
  4	136	C	    2	1.35	8.24e-01	 121.93
  4	145	C	    2	1.35	8.24e-01	 121.93
  0	 70	G	    2	1.35	8.24e-01	 121.93
  0	 79	G	    2	1.35	8.24e-01	 121.93
  1	 13	G	    2	1.35	8.24e-01	 121.93
  4	 24	G	    2	1.35	8.24e-01	 121.93
  4	 42	G	    2	1.35	8.24e-01	 121.93
  4	 97	A	    2	1.35	8.24e-01	 121.93
  0	 92	A	    2	1.35	8.24e-01	 121.93
  0	 94	G	    2	1.35	8.24e-01	 121.93
  2	 17	G	    2	1.35	8.24e-01	 121.93
  2	 82	T	    2	1.35	8.24e-01	 121.93
  2	136	A	    2	1.35	8.24e-01	 121.93
  2	141	A	    2	1.35	8.24e-01	 121.93
  4	117	T	    2	1.35	8.24e-01	 121.93
  3	101	C	    2	1.35	8.24e-01	 121.93
  4	 21	C	    2	1.35	8.24e-01	 121.93
  4	 58	A	    2	1.35	8.24e-01	 121.93
  4	 60	A	    2	1.35	8.24e-01	 121.93
  0	 59	C	    2	1.35	8.24e-01	 121.93
  1	 59	G	    2	1.35	8.24e-01	 121.93
  1	 98	A	    2	1.35	8.24e-01	 121.93
  1	132	A	    2	1.35	8.24e-01	 121.93
  2	 21	A	    2	1.35	8.24e-01	 121.93
  4	 58	G	    2	1.35	8.24e-01	 121.93
  2	 65	G	    2	1.35	8.24e-01	 121.93
  2	 93	A	    2	1.35	8.24e-01	 121.93
  3	 70	G	    2	1.35	8.24e-01	 121.93
  4	149	G	    2	1.35	8.24e-01	 121.93
  0	 57	T	    2	1.35	8.24e-01	 121.93
  1	 21	C	    2	1.35	8.24e-01	 121.93
  1	 41	T	    2	1.35	8.24e-01	 121.93
  2	 28	C	    2	1.35	8.24e-01	 121.93
  2	153	C	    2	1.35	8.24e-01	 121.93
  3	 18	C	    2	1.35	8.24e-01	 121.93
  3	 42	A	    2	1.35	8.24e-01	 121.93
  3	132	C	    2	1.35	8.24e-01	 121.93
  0	 35	T	    2	1.35	8.24e-01	 121.93
  2	 38	G	    2	1.35	8.24e-01	 121.93
  3	143	T	    2	1.35	8.24e-01	 121.93
  4	120	G	    2	1.35	8.24e-01	 121.93
  0	145	C	    2	1.35	8.24e-01	 121.93
  0	146	T	    2	1.35	8.24e-01	 121.93
  1	 90	G	    2	1.35	8.24e-01	 121.93
  2	 55	A	    2	1.35	8.24e-01	 121.93
  2	 57	T	    2	1.35	8.24e-01	 121.93
  4	 68	T	    2	1.35	8.24e-01	 121.93
  0	 27	G	    2	1.35	8.24e-01	 121.93
  1	 41	A	    2	1.35	8.24e-01	 121.93
  2	 38	T	    2	1.35	8.24e-01	 121.93
  3	 24	G	    2	1.35	8.24e-01	 121.93
  0	 95	T	    2	1.35	8.24e-01	 121.93
  1	101	C	    2	1.35	8.24e-01	 121.93
  2	 92	C	    2	1.35	8.24e-01	 121.93
  2	142	A	    2	1.35	8.24e-01	 121.93
  4	 57	T	    2	1.35	8.24e-01	 121.93
  4	 71	T	    2	1.35	8.24e-01	 121.93
  0	  5	C	    2	1.35	8.24e-01	 121.93
  0	 15	C	    2	1.35	8.24e-01	 121.93
  0	141	C	    2	1.35	8.24e-01	 121.93
  4	 62	C	    2	1.35	8.24e-01	 121.93
  0	 43	G	    2	1.35	8.24e-01	 121.93
  2	 68	C	    2	1.35	8.24e-01	 121.93
  2	 69	G	    2	1.35	8.24e-01	 121.93
  3	110	G	    2	1.35	8.24e-01	 121.93
  3	112	C	    2	1.35	8.24e-01	 121.93
  3	113	C	    2	1.35	8.24e-01	 121.93
  1	  7	C	    2	1.35	8.24e-01	 121.93
  2	133	A	    2	1.35	8.24e-01	 121.93
  2	139	T	    2	1.35	8.24e-01	 121.93
  4	 51	G	    2	1.35	8.24e-01	 121.93
  3	 79	T	    2	1.35	8.24e-01	 121.93
  4	 50	T	    2	1.35	8.24e-01	 121.93
  3	 80	G	    2	1.35	8.24e-01	 121.93
  3	105	T	    2	1.35	8.24e-01	 121.93
  4	158	G	    2	1.35	8.24e-01	 121.93
  1	 49	A	    2	1.35	8.24e-01	 121.93
  1	 93	A	    2	1.35	8.24e-01	 121.93
  4	120	C	    2	1.35	8.24e-01	 121.93
  4	 87	A	    2	1.35	8.24e-01	 121.93
  4	164	A	    2	1.35	8.24e-01	 121.93
  0	 55	A	    2	1.35	8.24e-01	 121.93
  3	 47	T	    2	1.35	8.24e-01	 121.93
  3	 75	A	    2	1.35	8.24e-01	 121.93
  3	 82	T	    2	1.35	8.24e-01	 121.93
  3	 85	A	    2	1.35	8.24e-01	 121.93
  3	 90	T	    2	1.35	8.24e-01	 121.93
  4	 13	G	    2	1.35	8.24e-01	 121.93
  1	 10	A	    2	1.35	8.24e-01	 121.93
  0	 14	A	    2	1.35	8.24e-01	 121.93
  0	140	A	    2	1.35	8.24e-01	 121.93
  3	112	A	    2	1.35	8.24e-01	 121.93
  4	 38	T	    2	1.35	8.24e-01	 121.93
  4	 61	A	    2	1.35	8.24e-01	 121.93
  4	131	C	    2	1.35	8.24e-01	 121.93
  4	135	A	    2	1.35	8.24e-01	 121.93
  0	161	C	    2	1.35	8.24e-01	 121.93
  3	 58	A	    2	1.35	8.24e-01	 121.93
  2	 99	C	    2	1.35	8.24e-01	 121.93
  4	 78	C	    2	1.35	8.24e-01	 121.93
  2	 30	A	    2	1.35	8.24e-01	 121.93
  3	 21	C	    2	1.35	8.24e-01	 121.93
  0	 81	T	    2	1.35	8.24e-01	 121.93
  1	 68	T	    2	1.35	8.24e-01	 121.93
  1	122	C	    2	1.35	8.24e-01	 121.93
  4	 31	C	    2	1.35	8.24e-01	 121.93
  4	103	A	    2	1.35	8.24e-01	 121.93
  1	 77	T	    2	1.35	8.24e-01	 121.93
  3	 88	G	    2	1.35	8.24e-01	 121.93
  2	127	G	    2	1.35	8.24e-01	 121.93
  3	  7	A	    2	1.35	8.24e-01	 121.93
  0	 30	A	    2	1.35	8.24e-01	 121.93
  0	 77	C	    2	1.35	8.24e-01	 121.93
  0	 78	T	    2	1.35	8.24e-01	 121.93
  2	124	G	    2	1.35	8.24e-01	 121.93
  3	 14	G	    2	1.35	8.24e-01	 121.93
  3	 41	C	    2	1.35	8.24e-01	 121.93
  3	 94	G	    2	1.35	8.24e-01	 121.93
  3	 95	G	    2	1.35	8.24e-01	 121.93
  0	 75	G	    2	1.35	8.24e-01	 121.93
  0	 76	C	    2	1.35	8.24e-01	 121.93
  1	 60	C	    2	1.35	8.24e-01	 121.93
  1	 84	A	    2	1.35	8.24e-01	 121.93
  1	100	G	    2	1.35	8.24e-01	 121.93
  1	118	C	    2	1.35	8.24e-01	 121.93
  2	 71	A	    2	1.35	8.24e-01	 121.93
  3	 30	A	    2	1.35	8.24e-01	 121.93
  3	110	A	    2	1.35	8.24e-01	 121.93
  2	 24	G	    2	1.35	8.24e-01	 121.93
  2	 41	T	    2	1.35	8.24e-01	 121.93
  3	 35	G	    2	1.35	8.24e-01	 121.93
  3	 80	T	    2	1.35	8.24e-01	 121.93
  3	 81	T	    2	1.35	8.24e-01	 121.93
  4	 60	C	    2	1.35	8.24e-01	 121.93
  4	 92	A	    2	1.35	8.24e-01	 121.93
  4	127	G	    2	1.35	8.24e-01	 121.93
  1	122	G	    2	1.35	8.24e-01	 121.93
  2	 68	T	    2	1.35	8.24e-01	 121.93
  2	134	C	    2	1.35	8.24e-01	 121.93
  3	 42	T	    2	1.35	8.24e-01	 121.93
  3	113	T	    2	1.35	8.24e-01	 121.93
  1	 69	A	    2	1.35	8.24e-01	 121.93
  3	100	G	    2	1.35	8.24e-01	 121.93
  3	116	A	    2	1.35	8.24e-01	 121.93
  3	132	A	    2	1.35	8.24e-01	 121.93
  3	151	C	    2	1.35	8.24e-01	 121.93
  4	 82	A	    2	1.35	8.24e-01	 121.93
  4	139	T	    2	1.35	8.24e-01	 121.93
  3	161	A	    2	1.35	8.24e-01	 121.93
  0	138	C	    2	1.35	8.24e-01	 121.93
  0	139	T	    2	1.35	8.24e-01	 121.93
  1	137	T	    2	1.35	8.24e-01	 121.93
  1	139	C	    2	1.35	8.24e-01	 121.93
  4	130	G	    2	1.35	8.24e-01	 121.93
  1	 32	C	    2	1.35	8.24e-01	 121.93
  2	 69	A	    2	1.35	8.24e-01	 121.93
  4	 70	A	    2	1.35	8.24e-01	 121.93
  4	 98	C	    2	1.35	8.24e-01	 121.93
  4	 99	A	    2	1.35	8.24e-01	 121.93
  1	 15	C	    2	1.35	8.24e-01	 121.93
  3	115	C	    2	1.35	8.24e-01	 121.93
  4	 18	C	    2	1.35	8.24e-01	 121.93
  0	134	C	    2	1.35	8.24e-01	 121.93
  2	 90	A	    2	1.35	8.24e-01	 121.93
  4	 21	A	    2	1.35	8.24e-01	 121.93
  4	 58	C	    2	1.35	8.24e-01	 121.93
  1	118	A	    2	1.35	8.24e-01	 121.93
  2	 28	A	    2	1.35	8.24e-01	 121.93
  2	153	T	    2	1.35	8.24e-01	 121.93
  3	126	A	    2	1.35	8.24e-01	 121.93
  3	149	T	    2	1.35	8.24e-01	 121.93
  4	 27	C	    2	1.35	8.24e-01	 121.93
  1	126	A	    2	1.35	8.24e-01	 121.93
  3	 28	C	    2	1.35	8.24e-01	 121.93
  3	131	T	    2	1.35	8.24e-01	 121.93
  4	 26	A	    2	1.35	8.24e-01	 121.93
  0	149	T	    2	1.35	8.24e-01	 121.93
  0	150	C	    2	1.35	8.24e-01	 121.93
  3	 97	T	    2	1.35	8.24e-01	 121.93
  3	 98	C	    2	1.35	8.24e-01	 121.93
  0	 99	A	    2	1.35	8.24e-01	 121.93
  1	131	C	    2	1.35	8.24e-01	 121.93
  2	 51	T	    2	1.35	8.24e-01	 121.93
  3	121	T	    2	1.35	8.24e-01	 121.93
  4	 47	G	    2	1.35	8.24e-01	 121.93
  4	 84	A	    2	1.35	8.24e-01	 121.93
  4	 98	A	    2	1.35	8.24e-01	 121.93
  2	128	T	    2	1.35	8.24e-01	 121.93
  3	146	T	    2	1.35	8.24e-01	 121.93
  4	136	G	    2	1.35	8.24e-01	 121.93
  1	102	G	    2	1.35	8.24e-01	 121.93
  4	 79	A	    2	1.35	8.24e-01	 121.93
  4	 67	C	    2	1.35	8.24e-01	 121.93
  4	 60	G	    2	1.35	8.24e-01	 121.93
  2	153	G	    2	1.35	8.24e-01	 121.93
  0	  6	T	    2	1.35	8.24e-01	 121.93
  2	132	A	    2	1.35	8.24e-01	 121.93
  3	 48	C	    2	1.35	8.24e-01	 121.93
  3	 60	G	    2	1.35	8.24e-01	 121.93
  1	140	G	    2	1.35	8.24e-01	 121.93
  3	 56	A	    2	1.35	8.24e-01	 121.93
  0	 68	T	    2	1.35	8.24e-01	 121.93
  0	126	T	    2	1.35	8.24e-01	 121.93
  0	132	C	    2	1.35	8.24e-01	 121.93
  2	 88	G	    2	1.35	8.24e-01	 121.93
  3	 61	G	    2	1.35	8.24e-01	 121.93
  3	116	T	    2	1.35	8.24e-01	 121.93
  2	 63	T	    2	1.35	8.24e-01	 121.93
  3	 84	G	    2	1.35	8.24e-01	 121.93
  0	 53	G	    2	1.35	8.24e-01	 121.93
  1	 80	A	    2	1.35	8.24e-01	 121.93
  0	 47	G	    2	1.35	8.24e-01	 121.93
  0	101	T	    2	1.35	8.24e-01	 121.93
  0	114	A	    2	1.35	8.24e-01	 121.93
  0	128	C	    2	1.35	8.24e-01	 121.93
  3	155	G	    2	1.35	8.24e-01	 121.93
  3	154	G	    2	1.35	8.24e-01	 121.93
  1	142	A	    2	1.35	8.24e-01	 121.93
  0	108	C	    2	1.35	8.24e-01	 121.93
  1	 33	C	    2	1.35	8.24e-01	 121.93
  1	 34	C	    2	1.35	8.24e-01	 121.93
  3	140	G	    2	1.35	8.24e-01	 121.93
  3	 84	A	    2	1.35	8.24e-01	 121.93
  1	  8	T	    2	1.35	8.24e-01	 121.93
  4	 63	G	    2	1.35	8.24e-01	 121.93
  2	 36	T	    2	1.35	8.24e-01	 121.93
  0	127	G	    2	1.35	8.24e-01	 121.93
  2	146	A	    2	1.35	8.24e-01	 121.93
  0	 89	C	    2	1.35	8.24e-01	 121.93
  0	 36	T	    2	1.35	8.24e-01	 121.93
  0	144	G	    1	0.68	9.39e-01	 138.90
  1	101	T	    1	0.68	9.39e-01	 138.90
  3	 33	G	    1	0.68	9.39e-01	 138.90
  3	 50	T	    1	0.68	9.39e-01	 138.90
  4	166	T	    1	0.68	9.39e-01	 138.90
  0	 67	T	    1	0.68	9.39e-01	 138.90
  3	 95	C	    1	0.68	9.39e-01	 138.90
  3	148	C	    1	0.68	9.39e-01	 138.90
  1	146	G	    1	0.68	9.39e-01	 138.90
  1	148	G	    1	0.68	9.39e-01	 138.90
  1	150	C	    1	0.68	9.39e-01	 138.90
  1	151	C	    1	0.68	9.39e-01	 138.90
  3	 52	G	    1	0.68	9.39e-01	 138.90
  0	 26	T	    1	0.68	9.39e-01	 138.90
  0	 30	T	    1	0.68	9.39e-01	 138.90
  0	 57	G	    1	0.68	9.39e-01	 138.90
  0	 58	C	    1	0.68	9.39e-01	 138.90
  0	106	T	    1	0.68	9.39e-01	 138.90
  3	 72	G	    1	0.68	9.39e-01	 138.90
  0	 40	G	    1	0.68	9.39e-01	 138.90
  1	 19	G	    1	0.68	9.39e-01	 138.90
  3	 36	T	    1	0.68	9.39e-01	 138.90
  3	 38	A	    1	0.68	9.39e-01	 138.90
  3	106	A	    1	0.68	9.39e-01	 138.90
  3	107	G	    1	0.68	9.39e-01	 138.90
  3	144	G	    1	0.68	9.39e-01	 138.90
  4	 59	A	    1	0.68	9.39e-01	 138.90
  4	 75	T	    1	0.68	9.39e-01	 138.90
  4	150	G	    1	0.68	9.39e-01	 138.90
  0	147	G	    1	0.68	9.39e-01	 138.90
  1	106	A	    1	0.68	9.39e-01	 138.90
  1	154	G	    1	0.68	9.39e-01	 138.90
  0	124	G	    1	0.68	9.39e-01	 138.90
  3	 49	T	    1	0.68	9.39e-01	 138.90
  3	 50	C	    1	0.68	9.39e-01	 138.90
  3	 52	A	    1	0.68	9.39e-01	 138.90
  3	 61	A	    1	0.68	9.39e-01	 138.90
  3	 73	G	    1	0.68	9.39e-01	 138.90
  3	 74	C	    1	0.68	9.39e-01	 138.90
  3	114	T	    1	0.68	9.39e-01	 138.90
  4	121	C	    1	0.68	9.39e-01	 138.90
  3	124	C	    1	0.68	9.39e-01	 138.90
  1	156	G	    1	0.68	9.39e-01	 138.90
  1	 90	A	    1	0.68	9.39e-01	 138.90
  1	 93	T	    1	0.68	9.39e-01	 138.90
  3	135	A	    1	0.68	9.39e-01	 138.90
  2	  5	C	    1	0.68	9.39e-01	 138.90
  4	133	C	    1	0.68	9.39e-01	 138.90
  2	 20	C	    1	0.68	9.39e-01	 138.90
  4	135	C	    1	0.68	9.39e-01	 138.90
  4	144	C	    1	0.68	9.39e-01	 138.90
  0	 75	C	    1	0.68	9.39e-01	 138.90
  3	117	A	    1	0.68	9.39e-01	 138.90
  1	 40	T	    1	0.68	9.39e-01	 138.90
  1	103	A	    1	0.68	9.39e-01	 138.90
  1	105	A	    1	0.68	9.39e-01	 138.90
  2	103	A	    1	0.68	9.39e-01	 138.90
  4	106	T	    1	0.68	9.39e-01	 138.90
  2	 12	G	    1	0.68	9.39e-01	 138.90
  2	136	T	    1	0.68	9.39e-01	 138.90
  4	 22	G	    1	0.68	9.39e-01	 138.90
  4	 53	A	    1	0.68	9.39e-01	 138.90
  4	 91	G	    1	0.68	9.39e-01	 138.90
  4	124	T	    1	0.68	9.39e-01	 138.90
  0	 72	A	    1	0.68	9.39e-01	 138.90
  1	 71	A	    1	0.68	9.39e-01	 138.90
  4	 30	T	    1	0.68	9.39e-01	 138.90
  0	135	A	    1	0.68	9.39e-01	 138.90
  1	158	G	    1	0.68	9.39e-01	 138.90
  0	 10	A	    1	0.68	9.39e-01	 138.90
  0	 11	G	    1	0.68	9.39e-01	 138.90
  0	 12	G	    1	0.68	9.39e-01	 138.90
  1	 87	A	    1	0.68	9.39e-01	 138.90
  1	 88	C	    1	0.68	9.39e-01	 138.90
  2	 22	C	    1	0.68	9.39e-01	 138.90
  2	 90	T	    1	0.68	9.39e-01	 138.90
  2	 92	T	    1	0.68	9.39e-01	 138.90
  2	 94	C	    1	0.68	9.39e-01	 138.90
  2	 98	A	    1	0.68	9.39e-01	 138.90
  3	 53	G	    1	0.68	9.39e-01	 138.90
  0	123	A	    1	0.68	9.39e-01	 138.90
  2	 44	C	    1	0.68	9.39e-01	 138.90
  4	 25	G	    1	0.68	9.39e-01	 138.90
  0	 91	C	    1	0.68	9.39e-01	 138.90
  2	 56	T	    1	0.68	9.39e-01	 138.90
  3	 82	G	    1	0.68	9.39e-01	 138.90
  2	 37	T	    1	0.68	9.39e-01	 138.90
  3	140	T	    1	0.68	9.39e-01	 138.90
  3	142	T	    1	0.68	9.39e-01	 138.90
  4	113	A	    1	0.68	9.39e-01	 138.90
  0	135	T	    1	0.68	9.39e-01	 138.90
  1	146	A	    1	0.68	9.39e-01	 138.90
  2	 75	T	    1	0.68	9.39e-01	 138.90
  1	  3	G	    1	0.68	9.39e-01	 138.90
  1	 50	C	    1	0.68	9.39e-01	 138.90
  1	 52	G	    1	0.68	9.39e-01	 138.90
  2	 19	G	    1	0.68	9.39e-01	 138.90
  3	 83	G	    1	0.68	9.39e-01	 138.90
  0	 89	A	    1	0.68	9.39e-01	 138.90
  0	 90	C	    1	0.68	9.39e-01	 138.90
  0	 91	A	    1	0.68	9.39e-01	 138.90
  0	157	T	    1	0.68	9.39e-01	 138.90
  1	 41	G	    1	0.68	9.39e-01	 138.90
  1	 73	G	    1	0.68	9.39e-01	 138.90
  2	 97	A	    1	0.68	9.39e-01	 138.90
  2	140	G	    1	0.68	9.39e-01	 138.90
  3	 99	A	    1	0.68	9.39e-01	 138.90
  4	 55	A	    1	0.68	9.39e-01	 138.90
  0	 19	T	    1	0.68	9.39e-01	 138.90
  0	167	T	    1	0.68	9.39e-01	 138.90
  2	 18	A	    1	0.68	9.39e-01	 138.90
  3	 62	C	    1	0.68	9.39e-01	 138.90
  4	 44	C	    1	0.68	9.39e-01	 138.90
  1	159	G	    1	0.68	9.39e-01	 138.90
  3	 37	C	    1	0.68	9.39e-01	 138.90
  3	 38	T	    1	0.68	9.39e-01	 138.90
  3	114	C	    1	0.68	9.39e-01	 138.90
  3	116	G	    1	0.68	9.39e-01	 138.90
  3	118	G	    1	0.68	9.39e-01	 138.90
  1	 63	G	    1	0.68	9.39e-01	 138.90
  1	 89	G	    1	0.68	9.39e-01	 138.90
  2	142	T	    1	0.68	9.39e-01	 138.90
  3	  5	A	    1	0.68	9.39e-01	 138.90
  3	  9	T	    1	0.68	9.39e-01	 138.90
  4	 19	G	    1	0.68	9.39e-01	 138.90
  4	 50	G	    1	0.68	9.39e-01	 138.90
  4	104	A	    1	0.68	9.39e-01	 138.90
  0	 56	G	    1	0.68	9.39e-01	 138.90
  1	 57	G	    1	0.68	9.39e-01	 138.90
  0	 71	A	    1	0.68	9.39e-01	 138.90
  0	 72	G	    1	0.68	9.39e-01	 138.90
  0	 73	C	    1	0.68	9.39e-01	 138.90
  0	 74	G	    1	0.68	9.39e-01	 138.90
  0	164	C	    1	0.68	9.39e-01	 138.90
  2	163	G	    1	0.68	9.39e-01	 138.90
  1	 99	C	    1	0.68	9.39e-01	 138.90
  3	 66	C	    1	0.68	9.39e-01	 138.90
  3	107	C	    1	0.68	9.39e-01	 138.90
  4	  5	G	    1	0.68	9.39e-01	 138.90
  1	 50	G	    1	0.68	9.39e-01	 138.90
  4	119	A	    1	0.68	9.39e-01	 138.90
  0	 65	A	    1	0.68	9.39e-01	 138.90
  4	 35	A	    1	0.68	9.39e-01	 138.90
  2	 11	T	    1	0.68	9.39e-01	 138.90
  0	  7	A	    1	0.68	9.39e-01	 138.90
  0	115	T	    1	0.68	9.39e-01	 138.90
  0	132	G	    1	0.68	9.39e-01	 138.90
  0	153	C	    1	0.68	9.39e-01	 138.90
  2	 66	A	    1	0.68	9.39e-01	 138.90
  3	 29	T	    1	0.68	9.39e-01	 138.90
  3	 36	G	    1	0.68	9.39e-01	 138.90
  3	 78	C	    1	0.68	9.39e-01	 138.90
  3	 87	A	    1	0.68	9.39e-01	 138.90
  3	 91	A	    1	0.68	9.39e-01	 138.90
  3	 96	G	    1	0.68	9.39e-01	 138.90
  3	 97	A	    1	0.68	9.39e-01	 138.90
  4	 12	T	    1	0.68	9.39e-01	 138.90
  4	 16	A	    1	0.68	9.39e-01	 138.90
  4	 52	A	    1	0.68	9.39e-01	 138.90
  4	 62	T	    1	0.68	9.39e-01	 138.90
  4	 85	A	    1	0.68	9.39e-01	 138.90
  1	 60	A	    1	0.68	9.39e-01	 138.90
  2	 99	A	    1	0.68	9.39e-01	 138.90
  4	127	A	    1	0.68	9.39e-01	 138.90
  4	128	A	    1	0.68	9.39e-01	 138.90
  1	 27	C	    1	0.68	9.39e-01	 138.90
  4	158	C	    1	0.68	9.39e-01	 138.90
  0	108	A	    1	0.68	9.39e-01	 138.90
  3	 69	A	    1	0.68	9.39e-01	 138.90
  4	 39	C	    1	0.68	9.39e-01	 138.90
  0	158	G	    1	0.68	9.39e-01	 138.90
  1	 85	C	    1	0.68	9.39e-01	 138.90
  2	 40	G	    1	0.68	9.39e-01	 138.90
  3	135	T	    1	0.68	9.39e-01	 138.90
  0	142	C	    1	0.68	9.39e-01	 138.90
  0	 45	G	    1	0.68	9.39e-01	 138.90
  3	150	A	    1	0.68	9.39e-01	 138.90
  4	 16	C	    1	0.68	9.39e-01	 138.90
  0	 20	G	    1	0.68	9.39e-01	 138.90
  2	 31	G	    1	0.68	9.39e-01	 138.90
  2	 32	G	    1	0.68	9.39e-01	 138.90
  0	120	C	    1	0.68	9.39e-01	 138.90
  0	130	G	    1	0.68	9.39e-01	 138.90
  0	131	A	    1	0.68	9.39e-01	 138.90
  1	 84	G	    1	0.68	9.39e-01	 138.90
  1	 87	C	    1	0.68	9.39e-01	 138.90
  1	108	T	    1	0.68	9.39e-01	 138.90
  2	108	T	    1	0.68	9.39e-01	 138.90
  1	 75	C	    1	0.68	9.39e-01	 138.90
  1	 80	T	    1	0.68	9.39e-01	 138.90
  1	 88	A	    1	0.68	9.39e-01	 138.90
  1	112	C	    1	0.68	9.39e-01	 138.90
  3	 89	C	    1	0.68	9.39e-01	 138.90
  3	137	C	    1	0.68	9.39e-01	 138.90
  4	148	G	    1	0.68	9.39e-01	 138.90
  0	 79	C	    1	0.68	9.39e-01	 138.90
  1	114	A	    1	0.68	9.39e-01	 138.90
  2	122	A	    1	0.68	9.39e-01	 138.90
  2	151	A	    1	0.68	9.39e-01	 138.90
  3	 13	G	    1	0.68	9.39e-01	 138.90
  3	 27	G	    1	0.68	9.39e-01	 138.90
  3	 42	C	    1	0.68	9.39e-01	 138.90
  3	 77	C	    1	0.68	9.39e-01	 138.90
  3	133	G	    1	0.68	9.39e-01	 138.90
  4	 94	G	    1	0.68	9.39e-01	 138.90
  1	 69	G	    1	0.68	9.39e-01	 138.90
  1	135	T	    1	0.68	9.39e-01	 138.90
  1	136	T	    1	0.68	9.39e-01	 138.90
  1	137	G	    1	0.68	9.39e-01	 138.90
  2	 31	A	    1	0.68	9.39e-01	 138.90
  3	 65	A	    1	0.68	9.39e-01	 138.90
  3	108	A	    1	0.68	9.39e-01	 138.90
  3	111	G	    1	0.68	9.39e-01	 138.90
  4	 90	A	    1	0.68	9.39e-01	 138.90
  4	149	C	    1	0.68	9.39e-01	 138.90
  1	 59	A	    1	0.68	9.39e-01	 138.90
  1	 78	T	    1	0.68	9.39e-01	 138.90
  1	 81	G	    1	0.68	9.39e-01	 138.90
  2	 46	T	    1	0.68	9.39e-01	 138.90
  2	 91	G	    1	0.68	9.39e-01	 138.90
  2	 94	T	    1	0.68	9.39e-01	 138.90
  2	 95	C	    1	0.68	9.39e-01	 138.90
  2	 96	A	    1	0.68	9.39e-01	 138.90
  2	100	A	    1	0.68	9.39e-01	 138.90
  2	105	A	    1	0.68	9.39e-01	 138.90
  2	106	C	    1	0.68	9.39e-01	 138.90
  2	117	T	    1	0.68	9.39e-01	 138.90
  2	121	G	    1	0.68	9.39e-01	 138.90
  2	122	C	    1	0.68	9.39e-01	 138.90
  2	150	G	    1	0.68	9.39e-01	 138.90
  3	 57	A	    1	0.68	9.39e-01	 138.90
  3	 58	G	    1	0.68	9.39e-01	 138.90
  3	 78	G	    1	0.68	9.39e-01	 138.90
  3	 79	C	    1	0.68	9.39e-01	 138.90
  3	125	A	    1	0.68	9.39e-01	 138.90
  4	 19	A	    1	0.68	9.39e-01	 138.90
  4	 43	G	    1	0.68	9.39e-01	 138.90
  4	 46	C	    1	0.68	9.39e-01	 138.90
  4	 63	A	    1	0.68	9.39e-01	 138.90
  4	 77	C	    1	0.68	9.39e-01	 138.90
  4	 80	G	    1	0.68	9.39e-01	 138.90
  4	 83	A	    1	0.68	9.39e-01	 138.90
  4	 84	C	    1	0.68	9.39e-01	 138.90
  4	 85	C	    1	0.68	9.39e-01	 138.90
  4	 86	A	    1	0.68	9.39e-01	 138.90
  4	114	G	    1	0.68	9.39e-01	 138.90
  4	128	C	    1	0.68	9.39e-01	 138.90
  0	 89	G	    1	0.68	9.39e-01	 138.90
  1	 33	G	    1	0.68	9.39e-01	 138.90
  1	116	T	    1	0.68	9.39e-01	 138.90
  3	 20	A	    1	0.68	9.39e-01	 138.90
  3	 22	C	    1	0.68	9.39e-01	 138.90
  3	 24	T	    1	0.68	9.39e-01	 138.90
  1	  6	T	    1	0.68	9.39e-01	 138.90
  1	 70	G	    1	0.68	9.39e-01	 138.90
  1	 82	T	    1	0.68	9.39e-01	 138.90
  1	112	A	    1	0.68	9.39e-01	 138.90
  1	135	A	    1	0.68	9.39e-01	 138.90
  1	148	C	    1	0.68	9.39e-01	 138.90
  1	149	T	    1	0.68	9.39e-01	 138.90
  2	 26	A	    1	0.68	9.39e-01	 138.90
  2	 27	T	    1	0.68	9.39e-01	 138.90
  3	103	T	    1	0.68	9.39e-01	 138.90
  3	106	T	    1	0.68	9.39e-01	 138.90
  3	115	T	    1	0.68	9.39e-01	 138.90
  4	 40	T	    1	0.68	9.39e-01	 138.90
  4	 86	T	    1	0.68	9.39e-01	 138.90
  4	132	G	    1	0.68	9.39e-01	 138.90
  0	 23	C	    1	0.68	9.39e-01	 138.90
  3	162	G	    1	0.68	9.39e-01	 138.90
  4	104	T	    1	0.68	9.39e-01	 138.90
  4	105	A	    1	0.68	9.39e-01	 138.90
  0	119	G	    1	0.68	9.39e-01	 138.90
  0	128	G	    1	0.68	9.39e-01	 138.90
  0	129	G	    1	0.68	9.39e-01	 138.90
  2	 94	G	    1	0.68	9.39e-01	 138.90
  4	 44	A	    1	0.68	9.39e-01	 138.90
  1	129	A	    1	0.68	9.39e-01	 138.90
  1	136	C	    1	0.68	9.39e-01	 138.90
  2	 58	A	    1	0.68	9.39e-01	 138.90
  1	 12	G	    1	0.68	9.39e-01	 138.90
  1	 13	C	    1	0.68	9.39e-01	 138.90
  1	 14	T	    1	0.68	9.39e-01	 138.90
  1	 81	T	    1	0.68	9.39e-01	 138.90
  3	 25	G	    1	0.68	9.39e-01	 138.90
  3	 26	C	    1	0.68	9.39e-01	 138.90
  4	 66	A	    1	0.68	9.39e-01	 138.90
  4	114	C	    1	0.68	9.39e-01	 138.90
  4	115	A	    1	0.68	9.39e-01	 138.90
  4	 24	T	    1	0.68	9.39e-01	 138.90
  4	 79	G	    1	0.68	9.39e-01	 138.90
  0	 42	T	    1	0.68	9.39e-01	 138.90
  3	153	G	    1	0.68	9.39e-01	 138.90
  4	122	C	    1	0.68	9.39e-01	 138.90
  2	 16	T	    1	0.68	9.39e-01	 138.90
  4	 91	C	    1	0.68	9.39e-01	 138.90
  4	 94	T	    1	0.68	9.39e-01	 138.90
  4	 97	C	    1	0.68	9.39e-01	 138.90
  4	104	C	    1	0.68	9.39e-01	 138.90
  4	108	C	    1	0.68	9.39e-01	 138.90
  4	154	G	    1	0.68	9.39e-01	 138.90
  2	  8	T	    1	0.68	9.39e-01	 138.90
  2	 75	A	    1	0.68	9.39e-01	 138.90
  3	 70	T	    1	0.68	9.39e-01	 138.90
  3	 87	C	    1	0.68	9.39e-01	 138.90
  4	140	A	    1	0.68	9.39e-01	 138.90
  0	126	C	    1	0.68	9.39e-01	 138.90
  2	119	G	    1	0.68	9.39e-01	 138.90
  2	120	C	    1	0.68	9.39e-01	 138.90
  1	167	C	    1	0.68	9.39e-01	 138.90
  4	 66	C	    1	0.68	9.39e-01	 138.90
  1	 24	G	    1	0.68	9.39e-01	 138.90
  1	 26	A	    1	0.68	9.39e-01	 138.90
  1	 71	T	    1	0.68	9.39e-01	 138.90
  1	124	G	    1	0.68	9.39e-01	 138.90
  2	103	T	    1	0.68	9.39e-01	 138.90
  2	109	T	    1	0.68	9.39e-01	 138.90
  4	 57	G	    1	0.68	9.39e-01	 138.90
  0	114	T	    1	0.68	9.39e-01	 138.90
  0	115	G	    1	0.68	9.39e-01	 138.90
  0	116	G	    1	0.68	9.39e-01	 138.90
  0	117	G	    1	0.68	9.39e-01	 138.90
  0	118	A	    1	0.68	9.39e-01	 138.90
  0	123	C	    1	0.68	9.39e-01	 138.90
  0	154	G	    1	0.68	9.39e-01	 138.90
  1	120	A	    1	0.68	9.39e-01	 138.90
  2	 16	C	    1	0.68	9.39e-01	 138.90
  4	121	G	    1	0.68	9.39e-01	 138.90
  0	 77	T	    1	0.68	9.39e-01	 138.90
  0	 80	A	    1	0.68	9.39e-01	 138.90
  1	145	C	    1	0.68	9.39e-01	 138.90
  2	 29	C	    1	0.68	9.39e-01	 138.90
  2	138	A	    1	0.68	9.39e-01	 138.90
  3	127	T	    1	0.68	9.39e-01	 138.90
  1	125	T	    1	0.68	9.39e-01	 138.90
  2	  7	C	    1	0.68	9.39e-01	 138.90
  2	 66	T	    1	0.68	9.39e-01	 138.90
  2	102	G	    1	0.68	9.39e-01	 138.90
  2	104	C	    1	0.68	9.39e-01	 138.90
  3	 16	C	    1	0.68	9.39e-01	 138.90
  3	119	G	    1	0.68	9.39e-01	 138.90
  3	130	C	    1	0.68	9.39e-01	 138.90
  4	  8	G	    1	0.68	9.39e-01	 138.90
  4	 88	T	    1	0.68	9.39e-01	 138.90
  4	144	T	    1	0.68	9.39e-01	 138.90
  2	 23	T	    1	0.68	9.39e-01	 138.90
  0	 14	C	    1	0.68	9.39e-01	 138.90
  0	 97	A	    1	0.68	9.39e-01	 138.90
  0	149	A	    1	0.68	9.39e-01	 138.90
  1	127	A	    1	0.68	9.39e-01	 138.90
  1	130	A	    1	0.68	9.39e-01	 138.90
  1	132	C	    1	0.68	9.39e-01	 138.90
  3	  8	A	    1	0.68	9.39e-01	 138.90
  4	 53	T	    1	0.68	9.39e-01	 138.90
  4	 91	T	    1	0.68	9.39e-01	 138.90
  4	125	A	    1	0.68	9.39e-01	 138.90
  1	 47	A	    1	0.68	9.39e-01	 138.90
  3	 46	A	    1	0.68	9.39e-01	 138.90
  3	 47	A	    1	0.68	9.39e-01	 138.90
  3	160	A	    1	0.68	9.39e-01	 138.90
  4	137	C	    1	0.68	9.39e-01	 138.90
  1	157	T	    1	0.68	9.39e-01	 138.90
  3	101	T	    1	0.68	9.39e-01	 138.90
  3	103	C	    1	0.68	9.39e-01	 138.90
  0	 78	G	    1	0.68	9.39e-01	 138.90
  0	 79	T	    1	0.68	9.39e-01	 138.90
  1	 54	C	    1	0.68	9.39e-01	 138.90
  2	 45	C	    1	0.68	9.39e-01	 138.90
  2	 77	C	    1	0.68	9.39e-01	 138.90
  2	121	C	    1	0.68	9.39e-01	 138.90
  4	155	C	    1	0.68	9.39e-01	 138.90
  4	 61	C	    1	0.68	9.39e-01	 138.90
  0	101	G	    1	0.68	9.39e-01	 138.90
  0	112	C	    1	0.68	9.39e-01	 138.90
  1	 17	A	    1	0.68	9.39e-01	 138.90
  2	 88	C	    1	0.68	9.39e-01	 138.90
  4	 23	C	    1	0.68	9.39e-01	 138.90
  1	 51	C	    1	0.68	9.39e-01	 138.90
  1	 80	G	    1	0.68	9.39e-01	 138.90
  2	134	G	    1	0.68	9.39e-01	 138.90
  3	122	G	    1	0.68	9.39e-01	 138.90
  4	134	A	    1	0.68	9.39e-01	 138.90
  0	 29	A	    1	0.68	9.39e-01	 138.90
  3	 75	G	    1	0.68	9.39e-01	 138.90
  4	 40	G	    1	0.68	9.39e-01	 138.90
  2	129	C	    1	0.68	9.39e-01	 138.90
  1	130	T	    1	0.68	9.39e-01	 138.90
  1	 89	A	    1	0.68	9.39e-01	 138.90
  1	 91	C	    1	0.68	9.39e-01	 138.90
  1	 92	C	    1	0.68	9.39e-01	 138.90
  0	 44	A	    1	0.68	9.39e-01	 138.90
  3	119	T	    1	0.68	9.39e-01	 138.90
  4	  9	T	    1	0.68	9.39e-01	 138.90
  0	 19	A	    1	0.68	9.39e-01	 138.90
  1	 57	T	    1	0.68	9.39e-01	 138.90
  0	 30	C	    1	0.68	9.39e-01	 138.90
  0	131	G	    1	0.68	9.39e-01	 138.90
  0	142	T	    1	0.68	9.39e-01	 138.90
  1	 20	G	    1	0.68	9.39e-01	 138.90
  1	 46	A	    1	0.68	9.39e-01	 138.90
  1	 49	T	    1	0.68	9.39e-01	 138.90
  1	 73	C	    1	0.68	9.39e-01	 138.90
  2	 87	C	    1	0.68	9.39e-01	 138.90
  2	146	C	    1	0.68	9.39e-01	 138.90
  3	 30	T	    1	0.68	9.39e-01	 138.90
  3	 62	T	    1	0.68	9.39e-01	 138.90
  3	 98	A	    1	0.68	9.39e-01	 138.90
  3	134	G	    1	0.68	9.39e-01	 138.90
  4	  6	A	    1	0.68	9.39e-01	 138.90
  4	 77	G	    1	0.68	9.39e-01	 138.90
  4	 87	G	    1	0.68	9.39e-01	 138.90
  4	 93	C	    1	0.68	9.39e-01	 138.90
  4	 94	C	    1	0.68	9.39e-01	 138.90
  4	153	G	    1	0.68	9.39e-01	 138.90
  2	 65	T	    1	0.68	9.39e-01	 138.90
  2	 67	G	    1	0.68	9.39e-01	 138.90
  3	 50	G	    1	0.68	9.39e-01	 138.90
  0	 57	A	    1	0.68	9.39e-01	 138.90
  0	 67	C	    1	0.68	9.39e-01	 138.90
  0	 69	A	    1	0.68	9.39e-01	 138.90
  0	106	A	    1	0.68	9.39e-01	 138.90
  4	 68	G	    1	0.68	9.39e-01	 138.90
  4	110	C	    1	0.68	9.39e-01	 138.90
  4	111	A	    1	0.68	9.39e-01	 138.90
  4	112	C	    1	0.68	9.39e-01	 138.90
  1	 23	A	    1	0.68	9.39e-01	 138.90
  1	 68	A	    1	0.68	9.39e-01	 138.90
  1	 81	C	    1	0.68	9.39e-01	 138.90
  1	141	A	    1	0.68	9.39e-01	 138.90
  0	 45	T	    1	0.68	9.39e-01	 138.90
  2	133	T	    1	0.68	9.39e-01	 138.90
  3	 89	A	    1	0.68	9.39e-01	 138.90
  4	 45	T	    1	0.68	9.39e-01	 138.90
  4	 46	T	    1	0.68	9.39e-01	 138.90
  4	 51	T	    1	0.68	9.39e-01	 138.90
  4	 52	T	    1	0.68	9.39e-01	 138.90
  0	 33	A	    1	0.68	9.39e-01	 138.90
  0	 62	C	    1	0.68	9.39e-01	 138.90
  0	 70	T	    1	0.68	9.39e-01	 138.90
  0	100	G	    1	0.68	9.39e-01	 138.90
  0	134	G	    1	0.68	9.39e-01	 138.90
  1	 94	T	    1	0.68	9.39e-01	 138.90
  1	 96	A	    1	0.68	9.39e-01	 138.90
  1	 97	A	    1	0.68	9.39e-01	 138.90
  2	 89	A	    1	0.68	9.39e-01	 138.90
  2	 91	A	    1	0.68	9.39e-01	 138.90
  3	 45	C	    1	0.68	9.39e-01	 138.90
  3	 47	G	    1	0.68	9.39e-01	 138.90
  3	124	T	    1	0.68	9.39e-01	 138.90
  3	155	C	    1	0.68	9.39e-01	 138.90
  0	160	C	    1	0.68	9.39e-01	 138.90
  1	 79	T	    1	0.68	9.39e-01	 138.90
  3	132	T	    1	0.68	9.39e-01	 138.90
  0	 48	G	    1	0.68	9.39e-01	 138.90
  1	 48	G	    1	0.68	9.39e-01	 138.90
  4	 33	G	    1	0.68	9.39e-01	 138.90
  4	 34	C	    1	0.68	9.39e-01	 138.90
  0	  4	C	    1	0.68	9.39e-01	 138.90
  1	154	T	    1	0.68	9.39e-01	 138.90
  1	158	C	    1	0.68	9.39e-01	 138.90
  2	 37	C	    1	0.68	9.39e-01	 138.90
  2	149	A	    1	0.68	9.39e-01	 138.90
  3	140	A	    1	0.68	9.39e-01	 138.90
  0	 96	A	    1	0.68	9.39e-01	 138.90
  0	 60	T	    1	0.68	9.39e-01	 138.90
  1	 43	T	    1	0.68	9.39e-01	 138.90
  1	145	G	    1	0.68	9.39e-01	 138.90
  1	150	A	    1	0.68	9.39e-01	 138.90
  0	 20	A	    1	0.68	9.39e-01	 138.90
  0	102	T	    1	0.68	9.39e-01	 138.90
  1	133	T	    1	0.68	9.39e-01	 138.90
  1	134	A	    1	0.68	9.39e-01	 138.90
  2	 49	C	    1	0.68	9.39e-01	 138.90
  2	 80	T	    1	0.68	9.39e-01	 138.90
  2	112	A	    1	0.68	9.39e-01	 138.90
  3	 21	T	    1	0.68	9.39e-01	 138.90
  3	 86	G	    1	0.68	9.39e-01	 138.90
  3	155	T	    1	0.68	9.39e-01	 138.90
  0	 95	C	    1	0.68	9.39e-01	 138.90
  0	143	A	    1	0.68	9.39e-01	 138.90
  0	144	T	    1	0.68	9.39e-01	 138.90
  1	102	T	    1	0.68	9.39e-01	 138.90
  1	154	A	    1	0.68	9.39e-01	 138.90
  3	 55	A	    1	0.68	9.39e-01	 138.90
  4	123	A	    1	0.68	9.39e-01	 138.90
  4	129	G	    1	0.68	9.39e-01	 138.90
  1	  9	C	    1	0.68	9.39e-01	 138.90
  1	130	C	    1	0.68	9.39e-01	 138.90
  1	131	A	    1	0.68	9.39e-01	 138.90
  2	  9	T	    1	0.68	9.39e-01	 138.90
  2	 49	A	    1	0.68	9.39e-01	 138.90
  2	 85	A	    1	0.68	9.39e-01	 138.90
  3	 61	C	    1	0.68	9.39e-01	 138.90
  3	 90	C	    1	0.68	9.39e-01	 138.90
  4	160	A	    1	0.68	9.39e-01	 138.90
  0	 51	C	    1	0.68	9.39e-01	 138.90
  0	131	T	    1	0.68	9.39e-01	 138.90
  0	161	T	    1	0.68	9.39e-01	 138.90
  1	 98	G	    1	0.68	9.39e-01	 138.90
  1	151	A	    1	0.68	9.39e-01	 138.90
  2	 33	G	    1	0.68	9.39e-01	 138.90
  3	 49	C	    1	0.68	9.39e-01	 138.90
  3	 60	C	    1	0.68	9.39e-01	 138.90
  3	 99	T	    1	0.68	9.39e-01	 138.90
  3	102	T	    1	0.68	9.39e-01	 138.90
  3	128	G	    1	0.68	9.39e-01	 138.90
  3	148	T	    1	0.68	9.39e-01	 138.90
  3	150	C	    1	0.68	9.39e-01	 138.90
  4	 28	C	    1	0.68	9.39e-01	 138.90
  4	 29	A	    1	0.68	9.39e-01	 138.90
  4	110	A	    1	0.68	9.39e-01	 138.90
  4	159	T	    1	0.68	9.39e-01	 138.90
  4	 33	C	    1	0.68	9.39e-01	 138.90
  2	126	A	    1	0.68	9.39e-01	 138.90
  2	148	G	    1	0.68	9.39e-01	 138.90
  4	 93	G	    1	0.68	9.39e-01	 138.90
  4	137	T	    1	0.68	9.39e-01	 138.90
  0	 10	T	    1	0.68	9.39e-01	 138.90
  1	 84	T	    1	0.68	9.39e-01	 138.90
  2	 70	T	    1	0.68	9.39e-01	 138.90
  2	 97	T	    1	0.68	9.39e-01	 138.90
  2	 98	C	    1	0.68	9.39e-01	 138.90
  3	100	A	    1	0.68	9.39e-01	 138.90
  3	104	C	    1	0.68	9.39e-01	 138.90
  3	145	C	    1	0.68	9.39e-01	 138.90
  3	154	T	    1	0.68	9.39e-01	 138.90
  0	 33	C	    1	0.68	9.39e-01	 138.90
  0	 38	A	    1	0.68	9.39e-01	 138.90
  0	 41	C	    1	0.68	9.39e-01	 138.90
  2	130	C	    1	0.68	9.39e-01	 138.90
  0	136	T	    1	0.68	9.39e-01	 138.90
  2	 35	G	    1	0.68	9.39e-01	 138.90
  2	150	A	    1	0.68	9.39e-01	 138.90
  0	 67	G	    1	0.68	9.39e-01	 138.90
  4	  2	T	    1	0.68	9.39e-01	 138.90
  4	125	T	    1	0.68	9.39e-01	 138.90
  4	126	A	    1	0.68	9.39e-01	 138.90
  2	147	G	    1	0.68	9.39e-01	 138.90
  3	 31	G	    1	0.68	9.39e-01	 138.90
  0	110	G	    1	0.68	9.39e-01	 138.90
  1	 74	C	    1	0.68	9.39e-01	 138.90
  2	 30	C	    1	0.68	9.39e-01	 138.90
  2	125	A	    1	0.68	9.39e-01	 138.90
  0	 50	T	    1	0.68	9.39e-01	 138.90
  0	 51	G	    1	0.68	9.39e-01	 138.90
  1	 52	A	    1	0.68	9.39e-01	 138.90
  1	 53	A	    1	0.68	9.39e-01	 138.90
  1	128	A	    1	0.68	9.39e-01	 138.90
  3	 11	G	    1	0.68	9.39e-01	 138.90
  3	 12	T	    1	0.68	9.39e-01	 138.90
  3	 66	A	    1	0.68	9.39e-01	 138.90
  4	 25	C	    1	0.68	9.39e-01	 138.90
  4	103	G	    1	0.68	9.39e-01	 138.90
  2	 47	G	    1	0.68	9.39e-01	 138.90
  4	109	C	    1	0.68	9.39e-01	 138.90
  0	125	G	    1	0.68	9.39e-01	 138.90
  1	 61	A	    1	0.68	9.39e-01	 138.90
  2	 25	A	    1	0.68	9.39e-01	 138.90
  2	 40	A	    1	0.68	9.39e-01	 138.90
  2	  2	T	    1	0.68	9.39e-01	 138.90
  2	 63	C	    1	0.68	9.39e-01	 138.90
  3	128	A	    1	0.68	9.39e-01	 138.90
  1	123	A	    1	0.68	9.39e-01	 138.90
  4	 46	A	    1	0.68	9.39e-01	 138.90
  4	156	G	    1	0.68	9.39e-01	 138.90
  4	 96	T	    1	0.68	9.39e-01	 138.90
  0	 88	G	    1	0.68	9.39e-01	 138.90
  0	133	T	    1	0.68	9.39e-01	 138.90
  0	137	C	    1	0.68	9.39e-01	 138.90
  0	138	T	    1	0.68	9.39e-01	 138.90
  3	 89	G	    1	0.68	9.39e-01	 138.90
  4	 85	G	    1	0.68	9.39e-01	 138.90
  2	 45	T	    1	0.68	9.39e-01	 138.90
  2	 58	G	    1	0.68	9.39e-01	 138.90
  1	113	C	    1	0.68	9.39e-01	 138.90
  3	165	T	    1	0.68	9.39e-01	 138.90
  0	 85	C	    1	0.68	9.39e-01	 138.90
  2	125	T	    1	0.68	9.39e-01	 138.90
  4	106	G	    1	0.68	9.39e-01	 138.90

