# Variants on HOR units of type: 5m3-9 / 341
midx	pos	bas	count	freq	   p-val	 cfd.
  1	 17	T	  163	47.80	1.11e-16	   0.00
  2	 15	T	  160	46.92	1.11e-16	   0.00
  3	 25	T	  158	46.33	1.11e-16	   0.00
  1	156	C	  152	44.57	1.11e-16	   0.00
  3	 13	T	  146	42.82	1.11e-16	   0.00
  3	 36	C	  145	42.52	1.11e-16	   0.00
  2	130	G	  143	41.94	1.11e-16	   0.00
  4	  6	T	  139	40.76	1.11e-16	   0.00
  2	131	T	  136	39.88	1.11e-16	   0.00
  3	137	G	  134	39.30	1.11e-16	   0.00
  0	159	G	  133	39.00	1.11e-16	   0.00
  2	145	A	  131	38.42	1.11e-16	   0.00
  2	103	G	  130	38.12	1.11e-16	   0.00
  1	163	C	  129	37.83	1.11e-16	   0.00
  3	  4	T	  125	36.66	1.11e-16	   0.00
  0	154	T	  120	35.19	1.11e-16	   0.00
  2	117	C	  119	34.90	1.11e-16	   0.00
  2	 17	A	  118	34.60	1.11e-16	   0.00
  2	135	A	  118	34.60	1.11e-16	   0.00
  4	 76	T	  118	34.60	1.11e-16	   0.00
  3	149	A	  117	34.31	1.11e-16	   0.00
  4	151	A	  117	34.31	1.11e-16	   0.00
  1	  9	A	  116	34.02	1.11e-16	   0.00
  2	139	A	  112	32.84	1.11e-16	   0.00
  2	138	G	  107	31.38	1.11e-16	   0.00
  3	 43	A	  107	31.38	1.11e-16	   0.00
  3	113	A	  105	30.79	1.11e-16	   0.00
  2	 39	C	  102	29.91	1.11e-16	   0.00
  3	124	G	   98	28.74	1.11e-16	   0.00
  0	141	A	   86	25.22	1.11e-16	   0.00
  0	 22	T	   79	23.17	1.11e-16	   0.00
  2	127	T	   75	21.99	1.11e-16	   0.00
  0	 60	T	   61	17.89	1.11e-16	   0.00
  3	141	A	   47	13.78	1.11e-16	   0.00
  4	 42	T	   45	13.20	1.11e-16	   0.00
  3	 52	G	   43	12.61	7.77e-16	   0.00
  1	 61	G	   40	11.73	8.54e-14	   0.00
  4	 64	T	   40	11.73	8.54e-14	   0.00
  3	 56	T	   39	11.44	3.79e-13	   0.00
  0	 21	A	   39	11.44	3.79e-13	   0.00
  1	 62	A	   37	10.85	6.87e-12	   0.00
  3	 44	A	   37	10.85	6.87e-12	   0.00
  4	118	A	   37	10.85	6.87e-12	   0.00
  3	 55	C	   35	10.26	1.11e-10	   0.00
  0	 36	C	   35	10.26	1.11e-10	   0.00
  0	139	G	   34	9.97	4.26e-10	   0.00
  2	 37	G	   33	9.68	1.59e-09	   0.00
  1	 25	C	   33	9.68	1.59e-09	   0.00
  4	132	C	   31	9.09	2.01e-08	   0.00
  3	  8	G	   29	8.50	2.22e-07	   0.00
  1	161	C	   28	8.21	7.01e-07	   0.00
  3	121	G	   28	8.21	7.01e-07	   0.00
  3	 46	A	   28	8.21	7.01e-07	   0.00
  4	157	C	   27	7.92	2.14e-06	   0.00
  0	163	G	   26	7.62	6.28e-06	   0.00
  4	160	G	   25	7.33	1.77e-05	   0.01
  3	139	G	   23	6.74	1.26e-04	   0.04
  1	 58	C	   22	6.45	3.16e-04	   0.11
  2	162	C	   21	6.16	7.59e-04	   0.26
  4	148	A	   21	6.16	7.59e-04	   0.26
  4	 72	C	   21	6.16	7.59e-04	   0.26
  2	161	A	   20	5.87	1.74e-03	   0.59
  2	165	G	   20	5.87	1.74e-03	   0.59
  2	167	A	   20	5.87	1.74e-03	   0.59
  2	128	T	   20	5.87	1.74e-03	   0.59
  2	117	A	   20	5.87	1.74e-03	   0.59
  3	163	G	   20	5.87	1.74e-03	   0.59
  4	124	G	   18	5.28	8.00e-03	   2.73
  2	129	C	   18	5.28	8.00e-03	   2.73
  4	141	C	   18	5.28	8.00e-03	   2.73
  0	111	A	   18	5.28	8.00e-03	   2.73
  1	  4	C	   17	4.99	1.60e-02	   5.44
  2	135	G	   17	4.99	1.60e-02	   5.44
  2	102	G	   17	4.99	1.60e-02	   5.44
  0	163	C	   17	4.99	1.60e-02	   5.44
  0	 52	A	   17	4.99	1.60e-02	   5.44
  0	 28	T	   15	4.40	5.44e-02	  18.55
  2	 58	C	   15	4.40	5.44e-02	  18.55
  2	100	T	   15	4.40	5.44e-02	  18.55
  2	132	A	   15	4.40	5.44e-02	  18.55
  0	 22	A	   15	4.40	5.44e-02	  18.55
  0	122	C	   14	4.11	9.27e-02	  31.62
  4	 58	C	   14	4.11	9.27e-02	  31.62
  4	 43	T	   14	4.11	9.27e-02	  31.62
  4	 12	G	   14	4.11	9.27e-02	  31.62
  4	123	C	   14	4.11	9.27e-02	  31.62
  4	 59	C	   14	4.11	9.27e-02	  31.62
  2	140	G	   14	4.11	9.27e-02	  31.62
  4	 69	G	   14	4.11	9.27e-02	  31.62
  1	 22	A	   14	4.11	9.27e-02	  31.62
  4	159	G	   14	4.11	9.27e-02	  31.62
  2	118	A	   13	3.81	1.50e-01	  51.01
  0	 31	T	   13	3.81	1.50e-01	  51.01
  4	 32	G	   13	3.81	1.50e-01	  51.01
  4	 82	T	   12	3.52	2.28e-01	  77.76
  2	 22	A	   12	3.52	2.28e-01	  77.76
  3	133	C	   12	3.52	2.28e-01	  77.76
  4	 98	A	   12	3.52	2.28e-01	  77.76
  4	143	C	   12	3.52	2.28e-01	  77.76
  4	 60	C	   12	3.52	2.28e-01	  77.76
  4	163	G	   12	3.52	2.28e-01	  77.76
  0	100	T	   12	3.52	2.28e-01	  77.76
  3	109	G	   12	3.52	2.28e-01	  77.76
  3	 39	C	   12	3.52	2.28e-01	  77.76
  2	108	A	   12	3.52	2.28e-01	  77.76
  1	 68	A	   12	3.52	2.28e-01	  77.76
  0	119	T	   12	3.52	2.28e-01	  77.76
  0	 45	G	   12	3.52	2.28e-01	  77.76
  1	 60	C	   11	3.23	3.28e-01	 111.94
  2	132	T	   11	3.23	3.28e-01	 111.94
  0	 47	C	   11	3.23	3.28e-01	 111.94
  4	 81	A	   11	3.23	3.28e-01	 111.94
  3	 57	A	   11	3.23	3.28e-01	 111.94
  3	 52	T	   11	3.23	3.28e-01	 111.94
  2	136	A	   11	3.23	3.28e-01	 111.94
  3	148	G	   11	3.23	3.28e-01	 111.94
  1	110	C	   11	3.23	3.28e-01	 111.94
  2	133	A	   11	3.23	3.28e-01	 111.94
  4	130	T	   11	3.23	3.28e-01	 111.94
  1	 27	C	   11	3.23	3.28e-01	 111.94
  0	 65	A	   11	3.23	3.28e-01	 111.94
  4	 41	T	   11	3.23	3.28e-01	 111.94
  2	 72	G	   11	3.23	3.28e-01	 111.94
  1	 53	C	   10	2.93	4.46e-01	 152.13
  2	 57	T	   10	2.93	4.46e-01	 152.13
  4	 97	C	   10	2.93	4.46e-01	 152.13
  1	 89	C	   10	2.93	4.46e-01	 152.13
  1	117	A	   10	2.93	4.46e-01	 152.13
  3	100	T	   10	2.93	4.46e-01	 152.13
  4	 45	G	   10	2.93	4.46e-01	 152.13
  1	 71	A	   10	2.93	4.46e-01	 152.13
  1	107	G	   10	2.93	4.46e-01	 152.13
  2	 60	A	   10	2.93	4.46e-01	 152.13
  0	124	G	   10	2.93	4.46e-01	 152.13
  4	164	A	   10	2.93	4.46e-01	 152.13
  1	132	A	   10	2.93	4.46e-01	 152.13
  3	152	T	   10	2.93	4.46e-01	 152.13
  2	 24	G	   10	2.93	4.46e-01	 152.13
  0	105	A	   10	2.93	4.46e-01	 152.13
  4	129	C	   10	2.93	4.46e-01	 152.13
  3	104	T	   10	2.93	4.46e-01	 152.13
  2	135	T	   10	2.93	4.46e-01	 152.13
  2	 52	T	   10	2.93	4.46e-01	 152.13
  4	 83	T	   10	2.93	4.46e-01	 152.13
  0	 58	C	   10	2.93	4.46e-01	 152.13
  2	 99	A	   10	2.93	4.46e-01	 152.13
  2	 31	T	   10	2.93	4.46e-01	 152.13
  2	 68	A	   10	2.93	4.46e-01	 152.13
  0	 30	A	   10	2.93	4.46e-01	 152.13
  0	118	C	   10	2.93	4.46e-01	 152.13
  4	 42	G	   10	2.93	4.46e-01	 152.13
  0	 68	A	   10	2.93	4.46e-01	 152.13
  0	140	T	    9	2.64	5.73e-01	 195.32
  0	 95	G	    9	2.64	5.73e-01	 195.32
  4	 58	A	    9	2.64	5.73e-01	 195.32
  4	 99	T	    9	2.64	5.73e-01	 195.32
  4	138	G	    9	2.64	5.73e-01	 195.32
  4	117	G	    9	2.64	5.73e-01	 195.32
  4	 88	G	    9	2.64	5.73e-01	 195.32
  4	 58	G	    9	2.64	5.73e-01	 195.32
  3	 37	G	    9	2.64	5.73e-01	 195.32
  2	154	C	    9	2.64	5.73e-01	 195.32
  1	 81	G	    9	2.64	5.73e-01	 195.32
  4	140	A	    9	2.64	5.73e-01	 195.32
  2	 47	C	    9	2.64	5.73e-01	 195.32
  0	112	G	    9	2.64	5.73e-01	 195.32
  2	 86	C	    9	2.64	5.73e-01	 195.32
  2	 59	G	    9	2.64	5.73e-01	 195.32
  2	 66	A	    9	2.64	5.73e-01	 195.32
  0	 99	A	    9	2.64	5.73e-01	 195.32
  3	114	A	    9	2.64	5.73e-01	 195.32
  4	139	T	    9	2.64	5.73e-01	 195.32
  3	 33	C	    9	2.64	5.73e-01	 195.32
  4	 75	T	    9	2.64	5.73e-01	 195.32
  1	 42	G	    9	2.64	5.73e-01	 195.32
  0	 13	G	    8	2.35	6.96e-01	 237.38
  0	 77	G	    8	2.35	6.96e-01	 237.38
  1	 21	A	    8	2.35	6.96e-01	 237.38
  3	154	T	    8	2.35	6.96e-01	 237.38
  0	 29	C	    8	2.35	6.96e-01	 237.38
  2	 62	A	    8	2.35	6.96e-01	 237.38
  3	141	C	    8	2.35	6.96e-01	 237.38
  4	 78	C	    8	2.35	6.96e-01	 237.38
  3	 51	T	    8	2.35	6.96e-01	 237.38
  3	156	C	    8	2.35	6.96e-01	 237.38
  4	 37	G	    8	2.35	6.96e-01	 237.38
  2	113	A	    8	2.35	6.96e-01	 237.38
  4	 89	T	    8	2.35	6.96e-01	 237.38
  0	141	T	    8	2.35	6.96e-01	 237.38
  0	 59	A	    8	2.35	6.96e-01	 237.38
  1	 56	T	    8	2.35	6.96e-01	 237.38
  4	 47	C	    8	2.35	6.96e-01	 237.38
  4	 79	T	    8	2.35	6.96e-01	 237.38
  3	132	A	    8	2.35	6.96e-01	 237.38
  4	142	T	    8	2.35	6.96e-01	 237.38
  2	 49	A	    8	2.35	6.96e-01	 237.38
  0	 88	T	    8	2.35	6.96e-01	 237.38
  3	 40	T	    8	2.35	6.96e-01	 237.38
  0	138	G	    8	2.35	6.96e-01	 237.38
  2	 50	G	    8	2.35	6.96e-01	 237.38
  4	 78	G	    8	2.35	6.96e-01	 237.38
  4	 80	T	    8	2.35	6.96e-01	 237.38
  0	 57	A	    8	2.35	6.96e-01	 237.38
  4	 55	A	    8	2.35	6.96e-01	 237.38
  3	 58	C	    8	2.35	6.96e-01	 237.38
  0	 42	G	    8	2.35	6.96e-01	 237.38
  4	 86	A	    8	2.35	6.96e-01	 237.38
  3	126	A	    8	2.35	6.96e-01	 237.38
  4	115	T	    8	2.35	6.96e-01	 237.38
  1	136	A	    8	2.35	6.96e-01	 237.38
  1	 51	G	    7	2.05	8.04e-01	 274.13
  0	 80	A	    7	2.05	8.04e-01	 274.13
  0	153	T	    7	2.05	8.04e-01	 274.13
  4	 33	C	    7	2.05	8.04e-01	 274.13
  0	126	A	    7	2.05	8.04e-01	 274.13
  1	 32	G	    7	2.05	8.04e-01	 274.13
  1	 85	C	    7	2.05	8.04e-01	 274.13
  4	153	A	    7	2.05	8.04e-01	 274.13
  3	136	A	    7	2.05	8.04e-01	 274.13
  1	 90	G	    7	2.05	8.04e-01	 274.13
  4	 22	A	    7	2.05	8.04e-01	 274.13
  1	 79	G	    7	2.05	8.04e-01	 274.13
  4	 59	A	    7	2.05	8.04e-01	 274.13
  1	 43	T	    7	2.05	8.04e-01	 274.13
  1	108	T	    7	2.05	8.04e-01	 274.13
  3	 42	A	    7	2.05	8.04e-01	 274.13
  4	124	T	    7	2.05	8.04e-01	 274.13
  1	131	A	    7	2.05	8.04e-01	 274.13
  2	 60	C	    7	2.05	8.04e-01	 274.13
  2	 76	A	    7	2.05	8.04e-01	 274.13
  3	 99	A	    7	2.05	8.04e-01	 274.13
  4	 64	G	    7	2.05	8.04e-01	 274.13
  4	 89	A	    7	2.05	8.04e-01	 274.13
  2	 43	A	    7	2.05	8.04e-01	 274.13
  3	135	A	    7	2.05	8.04e-01	 274.13
  1	 13	G	    7	2.05	8.04e-01	 274.13
  4	 26	A	    7	2.05	8.04e-01	 274.13
  0	 37	G	    7	2.05	8.04e-01	 274.13
  2	 91	C	    7	2.05	8.04e-01	 274.13
  4	 21	T	    7	2.05	8.04e-01	 274.13
  4	151	T	    7	2.05	8.04e-01	 274.13
  2	 54	G	    7	2.05	8.04e-01	 274.13
  2	116	T	    7	2.05	8.04e-01	 274.13
  4	 76	A	    7	2.05	8.04e-01	 274.13
  3	 59	C	    7	2.05	8.04e-01	 274.13
  3	 58	A	    7	2.05	8.04e-01	 274.13
  3	 89	C	    7	2.05	8.04e-01	 274.13
  1	 90	A	    7	2.05	8.04e-01	 274.13
  1	141	A	    7	2.05	8.04e-01	 274.13
  4	 84	C	    7	2.05	8.04e-01	 274.13
  4	121	A	    7	2.05	8.04e-01	 274.13
  0	156	C	    7	2.05	8.04e-01	 274.13
  4	108	G	    7	2.05	8.04e-01	 274.13
  3	 41	C	    7	2.05	8.04e-01	 274.13
  2	 56	T	    7	2.05	8.04e-01	 274.13
  1	 80	T	    7	2.05	8.04e-01	 274.13
  3	147	G	    7	2.05	8.04e-01	 274.13
  1	 16	G	    7	2.05	8.04e-01	 274.13
  0	146	T	    6	1.76	8.87e-01	 302.60
  3	 75	T	    6	1.76	8.87e-01	 302.60
  1	 41	T	    6	1.76	8.87e-01	 302.60
  1	124	G	    6	1.76	8.87e-01	 302.60
  4	149	C	    6	1.76	8.87e-01	 302.60
  2	 73	G	    6	1.76	8.87e-01	 302.60
  0	152	T	    6	1.76	8.87e-01	 302.60
  1	 84	T	    6	1.76	8.87e-01	 302.60
  0	137	G	    6	1.76	8.87e-01	 302.60
  0	114	A	    6	1.76	8.87e-01	 302.60
  4	  7	C	    6	1.76	8.87e-01	 302.60
  4	 46	A	    6	1.76	8.87e-01	 302.60
  4	 57	G	    6	1.76	8.87e-01	 302.60
  0	122	G	    6	1.76	8.87e-01	 302.60
  1	130	C	    6	1.76	8.87e-01	 302.60
  2	 35	T	    6	1.76	8.87e-01	 302.60
  2	124	G	    6	1.76	8.87e-01	 302.60
  4	 61	A	    6	1.76	8.87e-01	 302.60
  3	 37	C	    6	1.76	8.87e-01	 302.60
  3	105	A	    6	1.76	8.87e-01	 302.60
  1	 30	A	    6	1.76	8.87e-01	 302.60
  0	 23	A	    6	1.76	8.87e-01	 302.60
  1	118	C	    6	1.76	8.87e-01	 302.60
  1	119	T	    6	1.76	8.87e-01	 302.60
  4	160	A	    6	1.76	8.87e-01	 302.60
  0	 92	A	    6	1.76	8.87e-01	 302.60
  2	 15	A	    6	1.76	8.87e-01	 302.60
  3	102	G	    6	1.76	8.87e-01	 302.60
  1	 10	A	    6	1.76	8.87e-01	 302.60
  4	 43	G	    6	1.76	8.87e-01	 302.60
  0	 20	A	    6	1.76	8.87e-01	 302.60
  1	109	A	    6	1.76	8.87e-01	 302.60
  3	 72	G	    6	1.76	8.87e-01	 302.60
  2	 21	A	    6	1.76	8.87e-01	 302.60
  0	 98	C	    6	1.76	8.87e-01	 302.60
  2	126	T	    6	1.76	8.87e-01	 302.60
  0	 56	T	    6	1.76	8.87e-01	 302.60
  4	 49	A	    6	1.76	8.87e-01	 302.60
  3	 50	G	    6	1.76	8.87e-01	 302.60
  0	116	T	    6	1.76	8.87e-01	 302.60
  1	 74	G	    6	1.76	8.87e-01	 302.60
  1	 93	A	    6	1.76	8.87e-01	 302.60
  2	 71	A	    6	1.76	8.87e-01	 302.60
  4	 81	T	    6	1.76	8.87e-01	 302.60
  0	 12	G	    6	1.76	8.87e-01	 302.60
  4	105	C	    6	1.76	8.87e-01	 302.60
  0	161	G	    6	1.76	8.87e-01	 302.60
  3	 91	C	    6	1.76	8.87e-01	 302.60
  2	 77	G	    6	1.76	8.87e-01	 302.60
  0	 42	T	    6	1.76	8.87e-01	 302.60
  3	 47	T	    6	1.76	8.87e-01	 302.60
  1	 42	T	    6	1.76	8.87e-01	 302.60
  0	 50	G	    6	1.76	8.87e-01	 302.60
  1	  9	T	    6	1.76	8.87e-01	 302.60
  4	 27	C	    6	1.76	8.87e-01	 302.60
  4	161	T	    6	1.76	8.87e-01	 302.60
  2	137	C	    6	1.76	8.87e-01	 302.60
  3	153	T	    6	1.76	8.87e-01	 302.60
  1	 95	G	    6	1.76	8.87e-01	 302.60
  4	 56	T	    6	1.76	8.87e-01	 302.60
  2	152	T	    6	1.76	8.87e-01	 302.60
  3	127	G	    6	1.76	8.87e-01	 302.60
  3	 70	G	    6	1.76	8.87e-01	 302.60
  3	110	G	    6	1.76	8.87e-01	 302.60
  1	 59	A	    6	1.76	8.87e-01	 302.60
  1	 66	A	    6	1.76	8.87e-01	 302.60
  1	 75	G	    6	1.76	8.87e-01	 302.60
  2	 17	T	    6	1.76	8.87e-01	 302.60
  1	 57	T	    6	1.76	8.87e-01	 302.60
  1	 78	G	    6	1.76	8.87e-01	 302.60
  0	 41	C	    6	1.76	8.87e-01	 302.60
  0	 43	G	    6	1.76	8.87e-01	 302.60
  1	 73	C	    6	1.76	8.87e-01	 302.60
  2	100	A	    6	1.76	8.87e-01	 302.60
  3	 80	T	    6	1.76	8.87e-01	 302.60
  0	163	A	    6	1.76	8.87e-01	 302.60
  4	 51	G	    6	1.76	8.87e-01	 302.60
  2	 32	G	    5	1.47	9.44e-01	 321.83
  1	 31	C	    5	1.47	9.44e-01	 321.83
  2	151	C	    5	1.47	9.44e-01	 321.83
  4	150	C	    5	1.47	9.44e-01	 321.83
  3	 70	T	    5	1.47	9.44e-01	 321.83
  1	 90	T	    5	1.47	9.44e-01	 321.83
  1	 34	C	    5	1.47	9.44e-01	 321.83
  3	140	T	    5	1.47	9.44e-01	 321.83
  4	 96	T	    5	1.47	9.44e-01	 321.83
  0	106	A	    5	1.47	9.44e-01	 321.83
  0	135	A	    5	1.47	9.44e-01	 321.83
  1	 69	T	    5	1.47	9.44e-01	 321.83
  3	 71	A	    5	1.47	9.44e-01	 321.83
  3	113	T	    5	1.47	9.44e-01	 321.83
  2	 34	C	    5	1.47	9.44e-01	 321.83
  1	146	C	    5	1.47	9.44e-01	 321.83
  1	160	C	    5	1.47	9.44e-01	 321.83
  2	153	C	    5	1.47	9.44e-01	 321.83
  3	112	C	    5	1.47	9.44e-01	 321.83
  1	 50	G	    5	1.47	9.44e-01	 321.83
  2	 44	A	    5	1.47	9.44e-01	 321.83
  1	 37	G	    5	1.47	9.44e-01	 321.83
  2	 63	T	    5	1.47	9.44e-01	 321.83
  3	123	C	    5	1.47	9.44e-01	 321.83
  3	117	T	    5	1.47	9.44e-01	 321.83
  4	126	T	    5	1.47	9.44e-01	 321.83
  0	 24	T	    5	1.47	9.44e-01	 321.83
  2	 45	G	    5	1.47	9.44e-01	 321.83
  3	127	T	    5	1.47	9.44e-01	 321.83
  0	117	A	    5	1.47	9.44e-01	 321.83
  3	 86	C	    5	1.47	9.44e-01	 321.83
  1	156	A	    5	1.47	9.44e-01	 321.83
  2	 36	G	    5	1.47	9.44e-01	 321.83
  3	 61	G	    5	1.47	9.44e-01	 321.83
  4	 41	G	    5	1.47	9.44e-01	 321.83
  3	160	C	    5	1.47	9.44e-01	 321.83
  0	 23	T	    5	1.47	9.44e-01	 321.83
  4	 44	A	    5	1.47	9.44e-01	 321.83
  0	 69	A	    5	1.47	9.44e-01	 321.83
  4	148	T	    5	1.47	9.44e-01	 321.83
  0	 97	T	    5	1.47	9.44e-01	 321.83
  0	 69	T	    5	1.47	9.44e-01	 321.83
  4	 75	A	    5	1.47	9.44e-01	 321.83
  2	 60	G	    5	1.47	9.44e-01	 321.83
  0	 49	A	    5	1.47	9.44e-01	 321.83
  4	 50	G	    5	1.47	9.44e-01	 321.83
  0	103	A	    5	1.47	9.44e-01	 321.83
  0	113	A	    5	1.47	9.44e-01	 321.83
  1	116	A	    5	1.47	9.44e-01	 321.83
  1	118	A	    5	1.47	9.44e-01	 321.83
  4	 92	A	    5	1.47	9.44e-01	 321.83
  2	146	A	    5	1.47	9.44e-01	 321.83
  3	122	A	    5	1.47	9.44e-01	 321.83
  4	127	A	    5	1.47	9.44e-01	 321.83
  1	 24	G	    5	1.47	9.44e-01	 321.83
  4	 54	C	    5	1.47	9.44e-01	 321.83
  1	130	A	    5	1.47	9.44e-01	 321.83
  1	140	G	    5	1.47	9.44e-01	 321.83
  0	145	C	    5	1.47	9.44e-01	 321.83
  3	 26	T	    5	1.47	9.44e-01	 321.83
  3	143	A	    5	1.47	9.44e-01	 321.83
  0	104	A	    5	1.47	9.44e-01	 321.83
  3	109	C	    5	1.47	9.44e-01	 321.83
  4	 13	T	    5	1.47	9.44e-01	 321.83
  4	 48	A	    5	1.47	9.44e-01	 321.83
  0	 20	G	    5	1.47	9.44e-01	 321.83
  0	 43	T	    5	1.47	9.44e-01	 321.83
  0	 92	T	    5	1.47	9.44e-01	 321.83
  4	 87	C	    5	1.47	9.44e-01	 321.83
  1	 99	A	    5	1.47	9.44e-01	 321.83
  1	 60	A	    5	1.47	9.44e-01	 321.83
  2	139	G	    5	1.47	9.44e-01	 321.83
  2	142	A	    5	1.47	9.44e-01	 321.83
  0	 21	T	    5	1.47	9.44e-01	 321.83
  4	116	T	    5	1.47	9.44e-01	 321.83
  0	 52	T	    5	1.47	9.44e-01	 321.83
  3	138	G	    5	1.47	9.44e-01	 321.83
  4	 75	C	    5	1.47	9.44e-01	 321.83
  1	 88	C	    5	1.47	9.44e-01	 321.83
  0	141	C	    5	1.47	9.44e-01	 321.83
  0	 66	A	    5	1.47	9.44e-01	 321.83
  4	 85	C	    5	1.47	9.44e-01	 321.83
  0	 58	A	    5	1.47	9.44e-01	 321.83
  2	 21	T	    5	1.47	9.44e-01	 321.83
  3	116	T	    5	1.47	9.44e-01	 321.83
  1	129	C	    5	1.47	9.44e-01	 321.83
  3	 51	G	    5	1.47	9.44e-01	 321.83
  3	 81	G	    5	1.47	9.44e-01	 321.83
  0	 41	T	    5	1.47	9.44e-01	 321.83
  2	 91	G	    5	1.47	9.44e-01	 321.83
  1	115	G	    5	1.47	9.44e-01	 321.83
  2	 99	C	    5	1.47	9.44e-01	 321.83
  3	 90	A	    5	1.47	9.44e-01	 321.83
  4	131	A	    5	1.47	9.44e-01	 321.83
  0	 40	G	    5	1.47	9.44e-01	 321.83
  3	 60	C	    5	1.47	9.44e-01	 321.83
  3	 61	A	    5	1.47	9.44e-01	 321.83
  1	100	T	    5	1.47	9.44e-01	 321.83
  3	104	A	    5	1.47	9.44e-01	 321.83
  1	 55	A	    4	1.17	9.76e-01	 332.93
  1	 59	C	    4	1.17	9.76e-01	 332.93
  1	 49	A	    4	1.17	9.76e-01	 332.93
  3	159	T	    4	1.17	9.76e-01	 332.93
  3	 68	A	    4	1.17	9.76e-01	 332.93
  0	 24	G	    4	1.17	9.76e-01	 332.93
  0	147	G	    4	1.17	9.76e-01	 332.93
  3	 36	G	    4	1.17	9.76e-01	 332.93
  4	 31	A	    4	1.17	9.76e-01	 332.93
  4	 87	G	    4	1.17	9.76e-01	 332.93
  1	103	A	    4	1.17	9.76e-01	 332.93
  1	161	G	    4	1.17	9.76e-01	 332.93
  4	 40	T	    4	1.17	9.76e-01	 332.93
  1	 70	T	    4	1.17	9.76e-01	 332.93
  2	100	G	    4	1.17	9.76e-01	 332.93
  2	120	C	    4	1.17	9.76e-01	 332.93
  4	 53	T	    4	1.17	9.76e-01	 332.93
  2	 78	G	    4	1.17	9.76e-01	 332.93
  1	  6	T	    4	1.17	9.76e-01	 332.93
  1	  7	C	    4	1.17	9.76e-01	 332.93
  3	 48	A	    4	1.17	9.76e-01	 332.93
  4	 49	C	    4	1.17	9.76e-01	 332.93
  4	120	G	    4	1.17	9.76e-01	 332.93
  3	 18	C	    4	1.17	9.76e-01	 332.93
  3	155	T	    4	1.17	9.76e-01	 332.93
  3	 45	G	    4	1.17	9.76e-01	 332.93
  3	 49	T	    4	1.17	9.76e-01	 332.93
  4	 41	C	    4	1.17	9.76e-01	 332.93
  4	 55	C	    4	1.17	9.76e-01	 332.93
  2	 38	T	    4	1.17	9.76e-01	 332.93
  3	136	C	    4	1.17	9.76e-01	 332.93
  0	 93	A	    4	1.17	9.76e-01	 332.93
  4	 31	C	    4	1.17	9.76e-01	 332.93
  1	 61	C	    4	1.17	9.76e-01	 332.93
  4	 99	A	    4	1.17	9.76e-01	 332.93
  4	101	G	    4	1.17	9.76e-01	 332.93
  0	128	G	    4	1.17	9.76e-01	 332.93
  3	 97	T	    4	1.17	9.76e-01	 332.93
  3	 98	C	    4	1.17	9.76e-01	 332.93
  2	148	G	    4	1.17	9.76e-01	 332.93
  0	 27	T	    4	1.17	9.76e-01	 332.93
  4	 30	A	    4	1.17	9.76e-01	 332.93
  4	 78	T	    4	1.17	9.76e-01	 332.93
  4	 33	A	    4	1.17	9.76e-01	 332.93
  0	 94	G	    4	1.17	9.76e-01	 332.93
  0	101	G	    4	1.17	9.76e-01	 332.93
  2	 37	C	    4	1.17	9.76e-01	 332.93
  2	 39	A	    4	1.17	9.76e-01	 332.93
  1	153	T	    4	1.17	9.76e-01	 332.93
  4	 21	C	    4	1.17	9.76e-01	 332.93
  2	 15	C	    4	1.17	9.76e-01	 332.93
  3	  7	C	    4	1.17	9.76e-01	 332.93
  3	134	G	    4	1.17	9.76e-01	 332.93
  0	 39	C	    4	1.17	9.76e-01	 332.93
  2	 23	A	    4	1.17	9.76e-01	 332.93
  1	 61	A	    4	1.17	9.76e-01	 332.93
  2	126	C	    4	1.17	9.76e-01	 332.93
  3	 74	C	    4	1.17	9.76e-01	 332.93
  3	150	C	    4	1.17	9.76e-01	 332.93
  0	 87	C	    4	1.17	9.76e-01	 332.93
  2	 22	G	    4	1.17	9.76e-01	 332.93
  4	 28	C	    4	1.17	9.76e-01	 332.93
  0	102	G	    4	1.17	9.76e-01	 332.93
  3	 76	A	    4	1.17	9.76e-01	 332.93
  3	 82	T	    4	1.17	9.76e-01	 332.93
  3	155	C	    4	1.17	9.76e-01	 332.93
  4	 32	C	    4	1.17	9.76e-01	 332.93
  4	 97	A	    4	1.17	9.76e-01	 332.93
  4	 99	G	    4	1.17	9.76e-01	 332.93
  4	153	T	    4	1.17	9.76e-01	 332.93
  0	 55	C	    4	1.17	9.76e-01	 332.93
  3	133	G	    4	1.17	9.76e-01	 332.93
  3	130	G	    4	1.17	9.76e-01	 332.93
  1	 91	A	    4	1.17	9.76e-01	 332.93
  2	 70	G	    4	1.17	9.76e-01	 332.93
  3	 57	T	    4	1.17	9.76e-01	 332.93
  2	147	G	    4	1.17	9.76e-01	 332.93
  0	 76	A	    4	1.17	9.76e-01	 332.93
  2	 84	T	    4	1.17	9.76e-01	 332.93
  1	134	A	    4	1.17	9.76e-01	 332.93
  2	 75	A	    4	1.17	9.76e-01	 332.93
  4	 29	A	    4	1.17	9.76e-01	 332.93
  4	 34	C	    4	1.17	9.76e-01	 332.93
  1	 70	G	    4	1.17	9.76e-01	 332.93
  3	 93	A	    4	1.17	9.76e-01	 332.93
  1	 35	T	    4	1.17	9.76e-01	 332.93
  1	 47	C	    4	1.17	9.76e-01	 332.93
  0	 82	T	    4	1.17	9.76e-01	 332.93
  1	 79	C	    4	1.17	9.76e-01	 332.93
  0	 75	G	    4	1.17	9.76e-01	 332.93
  3	 85	T	    4	1.17	9.76e-01	 332.93
  2	127	G	    4	1.17	9.76e-01	 332.93
  2	 41	G	    4	1.17	9.76e-01	 332.93
  0	 70	G	    4	1.17	9.76e-01	 332.93
  2	110	C	    4	1.17	9.76e-01	 332.93
  3	 22	C	    4	1.17	9.76e-01	 332.93
  4	116	A	    4	1.17	9.76e-01	 332.93
  4	118	T	    4	1.17	9.76e-01	 332.93
  1	 75	C	    4	1.17	9.76e-01	 332.93
  1	 87	A	    4	1.17	9.76e-01	 332.93
  4	121	C	    4	1.17	9.76e-01	 332.93
  3	 60	G	    4	1.17	9.76e-01	 332.93
  0	104	T	    4	1.17	9.76e-01	 332.93
  2	133	T	    4	1.17	9.76e-01	 332.93
  3	 65	A	    4	1.17	9.76e-01	 332.93
  4	111	C	    4	1.17	9.76e-01	 332.93
  4	128	A	    4	1.17	9.76e-01	 332.93
  3	111	C	    4	1.17	9.76e-01	 332.93
  2	 36	C	    4	1.17	9.76e-01	 332.93
  3	 86	G	    4	1.17	9.76e-01	 332.93
  0	 79	G	    4	1.17	9.76e-01	 332.93
  1	 57	A	    4	1.17	9.76e-01	 332.93
  4	 46	T	    4	1.17	9.76e-01	 332.93
  2	 13	G	    4	1.17	9.76e-01	 332.93
  4	112	C	    4	1.17	9.76e-01	 332.93
  0	 59	C	    4	1.17	9.76e-01	 332.93
  0	 46	A	    4	1.17	9.76e-01	 332.93
  4	113	A	    4	1.17	9.76e-01	 332.93
  3	 72	C	    4	1.17	9.76e-01	 332.93
  0	117	T	    4	1.17	9.76e-01	 332.93
  3	 38	T	    4	1.17	9.76e-01	 332.93
  4	 57	A	    4	1.17	9.76e-01	 332.93
  0	 33	C	    4	1.17	9.76e-01	 332.93
  1	 57	G	    4	1.17	9.76e-01	 332.93
  0	 37	T	    4	1.17	9.76e-01	 332.93
  3	113	C	    4	1.17	9.76e-01	 332.93
  0	 71	A	    4	1.17	9.76e-01	 332.93
  0	133	T	    4	1.17	9.76e-01	 332.93
  1	 22	G	    4	1.17	9.76e-01	 332.93
  1	122	G	    4	1.17	9.76e-01	 332.93
  1	137	G	    4	1.17	9.76e-01	 332.93
  4	122	C	    4	1.17	9.76e-01	 332.93
  4	 79	A	    4	1.17	9.76e-01	 332.93
  3	 79	T	    4	1.17	9.76e-01	 332.93
  4	120	A	    4	1.17	9.76e-01	 332.93
  3	 22	A	    4	1.17	9.76e-01	 332.93
  3	 61	C	    4	1.17	9.76e-01	 332.93
  0	 93	C	    4	1.17	9.76e-01	 332.93
  1	163	G	    4	1.17	9.76e-01	 332.93
  3	120	C	    4	1.17	9.76e-01	 332.93
  1	146	G	    4	1.17	9.76e-01	 332.93
  4	106	G	    4	1.17	9.76e-01	 332.93
  0	 57	G	    4	1.17	9.76e-01	 332.93
  1	138	G	    4	1.17	9.76e-01	 332.93
  4	 56	A	    4	1.17	9.76e-01	 332.93
  2	119	T	    4	1.17	9.76e-01	 332.93
  1	 92	G	    4	1.17	9.76e-01	 332.93
  4	137	G	    4	1.17	9.76e-01	 332.93
  4	127	T	    4	1.17	9.76e-01	 332.93
  0	 25	C	    3	0.88	9.92e-01	 338.26
  1	 44	A	    3	0.88	9.92e-01	 338.26
  1	 54	C	    3	0.88	9.92e-01	 338.26
  4	 60	A	    3	0.88	9.92e-01	 338.26
  4	 61	C	    3	0.88	9.92e-01	 338.26
  1	 58	A	    3	0.88	9.92e-01	 338.26
  4	149	A	    3	0.88	9.92e-01	 338.26
  4	 63	G	    3	0.88	9.92e-01	 338.26
  3	 69	G	    3	0.88	9.92e-01	 338.26
  3	 73	C	    3	0.88	9.92e-01	 338.26
  4	 40	G	    3	0.88	9.92e-01	 338.26
  0	 27	G	    3	0.88	9.92e-01	 338.26
  0	160	G	    3	0.88	9.92e-01	 338.26
  1	 42	A	    3	0.88	9.92e-01	 338.26
  2	 63	G	    3	0.88	9.92e-01	 338.26
  3	123	A	    3	0.88	9.92e-01	 338.26
  3	125	T	    3	0.88	9.92e-01	 338.26
  0	 33	G	    3	0.88	9.92e-01	 338.26
  3	140	G	    3	0.88	9.92e-01	 338.26
  3	145	C	    3	0.88	9.92e-01	 338.26
  4	 82	A	    3	0.88	9.92e-01	 338.26
  2	 18	A	    3	0.88	9.92e-01	 338.26
  2	121	G	    3	0.88	9.92e-01	 338.26
  3	 41	T	    3	0.88	9.92e-01	 338.26
  0	138	C	    3	0.88	9.92e-01	 338.26
  0	115	C	    3	0.88	9.92e-01	 338.26
  4	 55	G	    3	0.88	9.92e-01	 338.26
  4	110	G	    3	0.88	9.92e-01	 338.26
  4	125	T	    3	0.88	9.92e-01	 338.26
  4	129	G	    3	0.88	9.92e-01	 338.26
  2	130	T	    3	0.88	9.92e-01	 338.26
  4	 33	G	    3	0.88	9.92e-01	 338.26
  0	157	G	    3	0.88	9.92e-01	 338.26
  4	 35	A	    3	0.88	9.92e-01	 338.26
  4	 56	G	    3	0.88	9.92e-01	 338.26
  1	 89	G	    3	0.88	9.92e-01	 338.26
  2	 24	T	    3	0.88	9.92e-01	 338.26
  4	102	T	    3	0.88	9.92e-01	 338.26
  0	 98	A	    3	0.88	9.92e-01	 338.26
  1	 21	C	    3	0.88	9.92e-01	 338.26
  4	 53	A	    3	0.88	9.92e-01	 338.26
  4	 57	T	    3	0.88	9.92e-01	 338.26
  0	 72	G	    3	0.88	9.92e-01	 338.26
  0	134	A	    3	0.88	9.92e-01	 338.26
  1	155	C	    3	0.88	9.92e-01	 338.26
  3	 42	T	    3	0.88	9.92e-01	 338.26
  3	153	A	    3	0.88	9.92e-01	 338.26
  2	136	T	    3	0.88	9.92e-01	 338.26
  3	 96	G	    3	0.88	9.92e-01	 338.26
  0	132	T	    3	0.88	9.92e-01	 338.26
  1	 16	T	    3	0.88	9.92e-01	 338.26
  2	 89	A	    3	0.88	9.92e-01	 338.26
  2	 90	C	    3	0.88	9.92e-01	 338.26
  3	135	T	    3	0.88	9.92e-01	 338.26
  4	 77	C	    3	0.88	9.92e-01	 338.26
  0	125	G	    3	0.88	9.92e-01	 338.26
  0	 92	C	    3	0.88	9.92e-01	 338.26
  2	114	A	    3	0.88	9.92e-01	 338.26
  1	150	C	    3	0.88	9.92e-01	 338.26
  2	 14	T	    3	0.88	9.92e-01	 338.26
  0	 22	G	    3	0.88	9.92e-01	 338.26
  1	 82	T	    3	0.88	9.92e-01	 338.26
  4	 42	A	    3	0.88	9.92e-01	 338.26
  0	108	C	    3	0.88	9.92e-01	 338.26
  0	125	C	    3	0.88	9.92e-01	 338.26
  0	 85	C	    3	0.88	9.92e-01	 338.26
  3	 59	G	    3	0.88	9.92e-01	 338.26
  1	142	A	    3	0.88	9.92e-01	 338.26
  0	 41	G	    3	0.88	9.92e-01	 338.26
  3	 84	A	    3	0.88	9.92e-01	 338.26
  0	142	A	    3	0.88	9.92e-01	 338.26
  4	  9	T	    3	0.88	9.92e-01	 338.26
  0	105	T	    3	0.88	9.92e-01	 338.26
  2	 23	C	    3	0.88	9.92e-01	 338.26
  3	151	C	    3	0.88	9.92e-01	 338.26
  0	106	T	    3	0.88	9.92e-01	 338.26
  0	132	G	    3	0.88	9.92e-01	 338.26
  1	 45	G	    3	0.88	9.92e-01	 338.26
  1	156	G	    3	0.88	9.92e-01	 338.26
  3	 19	C	    3	0.88	9.92e-01	 338.26
  3	 77	C	    3	0.88	9.92e-01	 338.26
  3	 90	C	    3	0.88	9.92e-01	 338.26
  2	 81	T	    3	0.88	9.92e-01	 338.26
  2	126	A	    3	0.88	9.92e-01	 338.26
  2	127	A	    3	0.88	9.92e-01	 338.26
  3	 29	A	    3	0.88	9.92e-01	 338.26
  4	 62	G	    3	0.88	9.92e-01	 338.26
  0	 20	C	    3	0.88	9.92e-01	 338.26
  0	 75	C	    3	0.88	9.92e-01	 338.26
  1	133	C	    3	0.88	9.92e-01	 338.26
  2	  9	G	    3	0.88	9.92e-01	 338.26
  3	 41	G	    3	0.88	9.92e-01	 338.26
  3	 89	G	    3	0.88	9.92e-01	 338.26
  3	 91	G	    3	0.88	9.92e-01	 338.26
  0	123	T	    3	0.88	9.92e-01	 338.26
  1	131	G	    3	0.88	9.92e-01	 338.26
  1	154	A	    3	0.88	9.92e-01	 338.26
  2	 68	T	    3	0.88	9.92e-01	 338.26
  3	 82	A	    3	0.88	9.92e-01	 338.26
  4	 28	A	    3	0.88	9.92e-01	 338.26
  1	 83	A	    3	0.88	9.92e-01	 338.26
  3	124	T	    3	0.88	9.92e-01	 338.26
  4	122	A	    3	0.88	9.92e-01	 338.26
  2	141	A	    3	0.88	9.92e-01	 338.26
  4	 22	C	    3	0.88	9.92e-01	 338.26
  1	 43	G	    3	0.88	9.92e-01	 338.26
  4	 20	C	    3	0.88	9.92e-01	 338.26
  0	  8	T	    3	0.88	9.92e-01	 338.26
  0	 19	T	    3	0.88	9.92e-01	 338.26
  2	 29	A	    3	0.88	9.92e-01	 338.26
  4	125	A	    3	0.88	9.92e-01	 338.26
  0	127	G	    3	0.88	9.92e-01	 338.26
  4	 70	A	    3	0.88	9.92e-01	 338.26
  4	 77	T	    3	0.88	9.92e-01	 338.26
  0	 49	T	    3	0.88	9.92e-01	 338.26
  1	 88	G	    3	0.88	9.92e-01	 338.26
  1	106	A	    3	0.88	9.92e-01	 338.26
  1	 56	A	    3	0.88	9.92e-01	 338.26
  2	 99	T	    3	0.88	9.92e-01	 338.26
  0	 39	A	    3	0.88	9.92e-01	 338.26
  0	123	A	    3	0.88	9.92e-01	 338.26
  1	 26	A	    3	0.88	9.92e-01	 338.26
  1	 46	T	    3	0.88	9.92e-01	 338.26
  2	 88	G	    3	0.88	9.92e-01	 338.26
  2	118	T	    3	0.88	9.92e-01	 338.26
  3	 23	A	    3	0.88	9.92e-01	 338.26
  0	 55	A	    3	0.88	9.92e-01	 338.26
  0	 99	C	    3	0.88	9.92e-01	 338.26
  3	 85	A	    3	0.88	9.92e-01	 338.26
  3	144	G	    3	0.88	9.92e-01	 338.26
  4	 35	T	    3	0.88	9.92e-01	 338.26
  4	152	G	    3	0.88	9.92e-01	 338.26
  0	  6	T	    3	0.88	9.92e-01	 338.26
  1	 37	T	    3	0.88	9.92e-01	 338.26
  0	112	A	    3	0.88	9.92e-01	 338.26
  4	 94	G	    3	0.88	9.92e-01	 338.26
  2	 89	G	    3	0.88	9.92e-01	 338.26
  2	 98	A	    3	0.88	9.92e-01	 338.26
  4	 76	G	    3	0.88	9.92e-01	 338.26
  0	116	A	    3	0.88	9.92e-01	 338.26
  0	136	C	    3	0.88	9.92e-01	 338.26
  2	 67	G	    3	0.88	9.92e-01	 338.26
  3	 14	T	    3	0.88	9.92e-01	 338.26
  4	123	G	    3	0.88	9.92e-01	 338.26
  4	109	G	    3	0.88	9.92e-01	 338.26
  4	111	A	    3	0.88	9.92e-01	 338.26
  4	 51	T	    3	0.88	9.92e-01	 338.26
  4	 52	G	    3	0.88	9.92e-01	 338.26
  0	 57	T	    3	0.88	9.92e-01	 338.26
  3	 59	A	    3	0.88	9.92e-01	 338.26
  3	 67	T	    3	0.88	9.92e-01	 338.26
  1	 79	T	    3	0.88	9.92e-01	 338.26
  3	 90	T	    3	0.88	9.92e-01	 338.26
  0	 86	C	    3	0.88	9.92e-01	 338.26
  0	 26	C	    3	0.88	9.92e-01	 338.26
  2	113	T	    3	0.88	9.92e-01	 338.26
  2	137	A	    3	0.88	9.92e-01	 338.26
  2	139	C	    3	0.88	9.92e-01	 338.26
  1	 23	A	    3	0.88	9.92e-01	 338.26
  1	 33	G	    3	0.88	9.92e-01	 338.26
  2	131	A	    3	0.88	9.92e-01	 338.26
  4	114	G	    3	0.88	9.92e-01	 338.26
  3	 21	A	    3	0.88	9.92e-01	 338.26
  0	 38	T	    3	0.88	9.92e-01	 338.26
  0	 44	A	    3	0.88	9.92e-01	 338.26
  1	145	C	    3	0.88	9.92e-01	 338.26
  2	 49	T	    3	0.88	9.92e-01	 338.26
  3	 95	G	    3	0.88	9.92e-01	 338.26
  1	138	C	    3	0.88	9.92e-01	 338.26
  0	158	G	    3	0.88	9.92e-01	 338.26
  4	 68	T	    3	0.88	9.92e-01	 338.26
  0	166	G	    3	0.88	9.92e-01	 338.26
  3	 92	G	    3	0.88	9.92e-01	 338.26
  3	 14	G	    3	0.88	9.92e-01	 338.26
  3	 16	G	    3	0.88	9.92e-01	 338.26
  0	161	C	    3	0.88	9.92e-01	 338.26
  0	 40	T	    3	0.88	9.92e-01	 338.26
  3	 54	C	    3	0.88	9.92e-01	 338.26
  4	 84	G	    3	0.88	9.92e-01	 338.26
  0	 73	A	    3	0.88	9.92e-01	 338.26
  0	 75	A	    3	0.88	9.92e-01	 338.26
  2	 61	C	    3	0.88	9.92e-01	 338.26
  4	105	A	    3	0.88	9.92e-01	 338.26
  4	107	G	    3	0.88	9.92e-01	 338.26
  4	162	C	    3	0.88	9.92e-01	 338.26
  0	100	G	    3	0.88	9.92e-01	 338.26
  3	 24	G	    3	0.88	9.92e-01	 338.26
  4	  8	T	    3	0.88	9.92e-01	 338.26
  4	 39	C	    3	0.88	9.92e-01	 338.26
  4	 66	A	    3	0.88	9.92e-01	 338.26
  4	 67	A	    3	0.88	9.92e-01	 338.26
  4	 17	T	    3	0.88	9.92e-01	 338.26
  1	126	T	    3	0.88	9.92e-01	 338.26
  4	 90	C	    3	0.88	9.92e-01	 338.26
  4	104	A	    3	0.88	9.92e-01	 338.26
  0	 15	C	    3	0.88	9.92e-01	 338.26
  0	 89	C	    3	0.88	9.92e-01	 338.26
  0	 91	C	    3	0.88	9.92e-01	 338.26
  3	131	T	    3	0.88	9.92e-01	 338.26
  4	 63	A	    3	0.88	9.92e-01	 338.26
  4	 83	A	    3	0.88	9.92e-01	 338.26
  0	148	C	    3	0.88	9.92e-01	 338.26
  4	100	T	    3	0.88	9.92e-01	 338.26
  0	 72	C	    3	0.88	9.92e-01	 338.26
  2	 47	G	    3	0.88	9.92e-01	 338.26
  1	114	A	    3	0.88	9.92e-01	 338.26
  0	 19	A	    3	0.88	9.92e-01	 338.26
  1	122	A	    3	0.88	9.92e-01	 338.26
  2	112	G	    3	0.88	9.92e-01	 338.26
  2	116	A	    3	0.88	9.92e-01	 338.26
  1	 69	A	    3	0.88	9.92e-01	 338.26
  4	 72	G	    3	0.88	9.92e-01	 338.26
  4	157	G	    3	0.88	9.92e-01	 338.26
  1	141	T	    3	0.88	9.92e-01	 338.26
  4	105	G	    3	0.88	9.92e-01	 338.26
  4	 74	G	    3	0.88	9.92e-01	 338.26
  0	 59	G	    3	0.88	9.92e-01	 338.26
  1	 22	C	    3	0.88	9.92e-01	 338.26
  2	122	G	    3	0.88	9.92e-01	 338.26
  3	158	G	    3	0.88	9.92e-01	 338.26
  1	 56	G	    2	0.59	9.98e-01	 340.30
  2	 93	A	    2	0.59	9.98e-01	 340.30
  1	 51	T	    2	0.59	9.98e-01	 340.30
  2	 82	T	    2	0.59	9.98e-01	 340.30
  3	139	T	    2	0.59	9.98e-01	 340.30
  3	156	G	    2	0.59	9.98e-01	 340.30
  4	145	C	    2	0.59	9.98e-01	 340.30
  1	123	A	    2	0.59	9.98e-01	 340.30
  2	151	G	    2	0.59	9.98e-01	 340.30
  4	148	G	    2	0.59	9.98e-01	 340.30
  1	 91	C	    2	0.59	9.98e-01	 340.30
  1	 24	C	    2	0.59	9.98e-01	 340.30
  1	 33	C	    2	0.59	9.98e-01	 340.30
  1	139	G	    2	0.59	9.98e-01	 340.30
  4	131	C	    2	0.59	9.98e-01	 340.30
  4	133	C	    2	0.59	9.98e-01	 340.30
  0	151	C	    2	0.59	9.98e-01	 340.30
  1	 72	T	    2	0.59	9.98e-01	 340.30
  2	101	G	    2	0.59	9.98e-01	 340.30
  3	 40	G	    2	0.59	9.98e-01	 340.30
  3	122	G	    2	0.59	9.98e-01	 340.30
  2	 21	C	    2	0.59	9.98e-01	 340.30
  2	134	C	    2	0.59	9.98e-01	 340.30
  3	112	A	    2	0.59	9.98e-01	 340.30
  0	139	T	    2	0.59	9.98e-01	 340.30
  0	155	G	    2	0.59	9.98e-01	 340.30
  1	 45	T	    2	0.59	9.98e-01	 340.30
  3	  2	T	    2	0.59	9.98e-01	 340.30
  3	 99	T	    2	0.59	9.98e-01	 340.30
  3	105	T	    2	0.59	9.98e-01	 340.30
  4	 23	T	    2	0.59	9.98e-01	 340.30
  1	  9	C	    2	0.59	9.98e-01	 340.30
  4	 20	A	    2	0.59	9.98e-01	 340.30
  4	152	C	    2	0.59	9.98e-01	 340.30
  0	142	T	    2	0.59	9.98e-01	 340.30
  4	134	G	    2	0.59	9.98e-01	 340.30
  3	 50	C	    2	0.59	9.98e-01	 340.30
  3	100	A	    2	0.59	9.98e-01	 340.30
  2	119	A	    2	0.59	9.98e-01	 340.30
  0	 54	G	    2	0.59	9.98e-01	 340.30
  4	 37	C	    2	0.59	9.98e-01	 340.30
  1	157	G	    2	0.59	9.98e-01	 340.30
  2	 16	G	    2	0.59	9.98e-01	 340.30
  2	 64	C	    2	0.59	9.98e-01	 340.30
  4	 96	A	    2	0.59	9.98e-01	 340.30
  0	 14	A	    2	0.59	9.98e-01	 340.30
  0	 15	G	    2	0.59	9.98e-01	 340.30
  0	135	C	    2	0.59	9.98e-01	 340.30
  0	136	T	    2	0.59	9.98e-01	 340.30
  1	154	G	    2	0.59	9.98e-01	 340.30
  3	 47	A	    2	0.59	9.98e-01	 340.30
  3	118	C	    2	0.59	9.98e-01	 340.30
  3	 97	G	    2	0.59	9.98e-01	 340.30
  3	129	C	    2	0.59	9.98e-01	 340.30
  3	130	C	    2	0.59	9.98e-01	 340.30
  4	100	C	    2	0.59	9.98e-01	 340.30
  1	 46	A	    2	0.59	9.98e-01	 340.30
  2	 82	A	    2	0.59	9.98e-01	 340.30
  0	127	T	    2	0.59	9.98e-01	 340.30
  0	131	G	    2	0.59	9.98e-01	 340.30
  2	 51	T	    2	0.59	9.98e-01	 340.30
  2	 37	T	    2	0.59	9.98e-01	 340.30
  2	 87	G	    2	0.59	9.98e-01	 340.30
  2	109	C	    2	0.59	9.98e-01	 340.30
  2	113	C	    2	0.59	9.98e-01	 340.30
  3	 79	C	    2	0.59	9.98e-01	 340.30
  4	 27	A	    2	0.59	9.98e-01	 340.30
  4	 66	C	    2	0.59	9.98e-01	 340.30
  1	151	A	    2	0.59	9.98e-01	 340.30
  1	133	A	    2	0.59	9.98e-01	 340.30
  2	166	G	    2	0.59	9.98e-01	 340.30
  3	124	C	    2	0.59	9.98e-01	 340.30
  1	 20	A	    2	0.59	9.98e-01	 340.30
  3	122	C	    2	0.59	9.98e-01	 340.30
  0	 81	T	    2	0.59	9.98e-01	 340.30
  1	111	C	    2	0.59	9.98e-01	 340.30
  2	 40	T	    2	0.59	9.98e-01	 340.30
  3	 73	G	    2	0.59	9.98e-01	 340.30
  3	141	T	    2	0.59	9.98e-01	 340.30
  4	 95	C	    2	0.59	9.98e-01	 340.30
  3	 48	C	    2	0.59	9.98e-01	 340.30
  1	 97	T	    2	0.59	9.98e-01	 340.30
  1	 98	C	    2	0.59	9.98e-01	 340.30
  3	132	T	    2	0.59	9.98e-01	 340.30
  3	164	T	    2	0.59	9.98e-01	 340.30
  4	  8	A	    2	0.59	9.98e-01	 340.30
  3	148	C	    2	0.59	9.98e-01	 340.30
  4	 52	A	    2	0.59	9.98e-01	 340.30
  1	122	C	    2	0.59	9.98e-01	 340.30
  1	125	A	    2	0.59	9.98e-01	 340.30
  1	155	T	    2	0.59	9.98e-01	 340.30
  2	 65	G	    2	0.59	9.98e-01	 340.30
  3	 31	G	    2	0.59	9.98e-01	 340.30
  3	 58	G	    2	0.59	9.98e-01	 340.30
  3	111	A	    2	0.59	9.98e-01	 340.30
  4	 91	G	    2	0.59	9.98e-01	 340.30
  3	 28	G	    2	0.59	9.98e-01	 340.30
  0	 32	G	    2	0.59	9.98e-01	 340.30
  0	 34	C	    2	0.59	9.98e-01	 340.30
  1	113	T	    2	0.59	9.98e-01	 340.30
  2	123	T	    2	0.59	9.98e-01	 340.30
  3	120	A	    2	0.59	9.98e-01	 340.30
  3	147	C	    2	0.59	9.98e-01	 340.30
  3	150	A	    2	0.59	9.98e-01	 340.30
  4	 10	A	    2	0.59	9.98e-01	 340.30
  4	 59	G	    2	0.59	9.98e-01	 340.30
  4	 80	C	    2	0.59	9.98e-01	 340.30
  4	  5	G	    2	0.59	9.98e-01	 340.30
  2	 52	A	    2	0.59	9.98e-01	 340.30
  3	 84	T	    2	0.59	9.98e-01	 340.30
  3	142	T	    2	0.59	9.98e-01	 340.30
  1	 15	C	    2	0.59	9.98e-01	 340.30
  2	  4	C	    2	0.59	9.98e-01	 340.30
  2	152	G	    2	0.59	9.98e-01	 340.30
  3	110	A	    2	0.59	9.98e-01	 340.30
  3	116	A	    2	0.59	9.98e-01	 340.30
  3	117	A	    2	0.59	9.98e-01	 340.30
  0	 10	A	    2	0.59	9.98e-01	 340.30
  1	155	G	    2	0.59	9.98e-01	 340.30
  2	106	T	    2	0.59	9.98e-01	 340.30
  3	 57	C	    2	0.59	9.98e-01	 340.30
  3	 94	G	    2	0.59	9.98e-01	 340.30
  3	128	G	    2	0.59	9.98e-01	 340.30
  2	121	A	    2	0.59	9.98e-01	 340.30
  0	109	C	    2	0.59	9.98e-01	 340.30
  2	140	T	    2	0.59	9.98e-01	 340.30
  3	108	C	    2	0.59	9.98e-01	 340.30
  4	 14	G	    2	0.59	9.98e-01	 340.30
  1	145	G	    2	0.59	9.98e-01	 340.30
  1	147	C	    2	0.59	9.98e-01	 340.30
  1	 29	G	    2	0.59	9.98e-01	 340.30
  1	 52	G	    2	0.59	9.98e-01	 340.30
  2	 42	A	    2	0.59	9.98e-01	 340.30
  2	 44	C	    2	0.59	9.98e-01	 340.30
  2	 48	G	    2	0.59	9.98e-01	 340.30
  3	136	T	    2	0.59	9.98e-01	 340.30
  1	 80	A	    2	0.59	9.98e-01	 340.30
  1	135	A	    2	0.59	9.98e-01	 340.30
  2	 66	C	    2	0.59	9.98e-01	 340.30
  2	125	A	    2	0.59	9.98e-01	 340.30
  3	 98	A	    2	0.59	9.98e-01	 340.30
  3	160	A	    2	0.59	9.98e-01	 340.30
  4	119	A	    2	0.59	9.98e-01	 340.30
  4	120	C	    2	0.59	9.98e-01	 340.30
  1	 26	T	    2	0.59	9.98e-01	 340.30
  1	 17	G	    2	0.59	9.98e-01	 340.30
  1	 58	G	    2	0.59	9.98e-01	 340.30
  4	158	G	    2	0.59	9.98e-01	 340.30
  1	152	T	    2	0.59	9.98e-01	 340.30
  4	  9	G	    2	0.59	9.98e-01	 340.30
  2	107	G	    2	0.59	9.98e-01	 340.30
  0	 53	G	    2	0.59	9.98e-01	 340.30
  0	 18	G	    2	0.59	9.98e-01	 340.30
  2	156	A	    2	0.59	9.98e-01	 340.30
  4	 65	A	    2	0.59	9.98e-01	 340.30
  0	  6	A	    2	0.59	9.98e-01	 340.30
  1	153	C	    2	0.59	9.98e-01	 340.30
  2	 89	C	    2	0.59	9.98e-01	 340.30
  2	 90	T	    2	0.59	9.98e-01	 340.30
  3	 24	T	    2	0.59	9.98e-01	 340.30
  3	 27	T	    2	0.59	9.98e-01	 340.30
  4	159	C	    2	0.59	9.98e-01	 340.30
  3	101	G	    2	0.59	9.98e-01	 340.30
  3	108	G	    2	0.59	9.98e-01	 340.30
  1	 73	A	    2	0.59	9.98e-01	 340.30
  1	 74	C	    2	0.59	9.98e-01	 340.30
  2	 53	C	    2	0.59	9.98e-01	 340.30
  3	 97	A	    2	0.59	9.98e-01	 340.30
  4	 36	G	    2	0.59	9.98e-01	 340.30
  1	160	G	    2	0.59	9.98e-01	 340.30
  0	136	A	    2	0.59	9.98e-01	 340.30
  4	 53	G	    2	0.59	9.98e-01	 340.30
  4	110	A	    2	0.59	9.98e-01	 340.30
  3	131	A	    2	0.59	9.98e-01	 340.30
  1	 50	C	    2	0.59	9.98e-01	 340.30
  3	131	G	    2	0.59	9.98e-01	 340.30
  0	115	G	    2	0.59	9.98e-01	 340.30
  3	 85	C	    2	0.59	9.98e-01	 340.30
  4	 90	A	    2	0.59	9.98e-01	 340.30
  4	130	A	    2	0.59	9.98e-01	 340.30
  0	102	T	    2	0.59	9.98e-01	 340.30
  0	 31	A	    2	0.59	9.98e-01	 340.30
  2	 53	T	    2	0.59	9.98e-01	 340.30
  3	 50	T	    2	0.59	9.98e-01	 340.30
  3	 26	A	    2	0.59	9.98e-01	 340.30
  3	 27	G	    2	0.59	9.98e-01	 340.30
  0	 35	T	    2	0.59	9.98e-01	 340.30
  1	 30	T	    2	0.59	9.98e-01	 340.30
  4	 36	C	    2	0.59	9.98e-01	 340.30
  4	 52	T	    2	0.59	9.98e-01	 340.30
  0	157	C	    2	0.59	9.98e-01	 340.30
  1	 91	T	    2	0.59	9.98e-01	 340.30
  2	 27	T	    2	0.59	9.98e-01	 340.30
  0	 14	T	    2	0.59	9.98e-01	 340.30
  0	 67	G	    2	0.59	9.98e-01	 340.30
  0	 48	G	    2	0.59	9.98e-01	 340.30
  0	 81	A	    2	0.59	9.98e-01	 340.30
  0	134	C	    2	0.59	9.98e-01	 340.30
  4	135	A	    2	0.59	9.98e-01	 340.30
  0	 73	C	    2	0.59	9.98e-01	 340.30
  2	119	G	    2	0.59	9.98e-01	 340.30
  1	 77	G	    2	0.59	9.98e-01	 340.30
  1	 78	C	    2	0.59	9.98e-01	 340.30
  4	 11	G	    2	0.59	9.98e-01	 340.30
  4	109	A	    2	0.59	9.98e-01	 340.30
  0	 84	T	    2	0.59	9.98e-01	 340.30
  1	 40	T	    2	0.59	9.98e-01	 340.30
  3	 54	G	    2	0.59	9.98e-01	 340.30
  1	 64	T	    2	0.59	9.98e-01	 340.30
  3	123	T	    2	0.59	9.98e-01	 340.30
  3	154	G	    2	0.59	9.98e-01	 340.30
  4	 48	C	    2	0.59	9.98e-01	 340.30
  0	 10	C	    2	0.59	9.98e-01	 340.30
  2	 78	C	    2	0.59	9.98e-01	 340.30
  4	 97	G	    2	0.59	9.98e-01	 340.30
  1	 37	C	    2	0.59	9.98e-01	 340.30
  1	128	T	    2	0.59	9.98e-01	 340.30
  0	 47	A	    2	0.59	9.98e-01	 340.30
  0	108	A	    2	0.59	9.98e-01	 340.30
  3	 12	C	    2	0.59	9.98e-01	 340.30
  2	137	G	    2	0.59	9.98e-01	 340.30
  0	 25	G	    2	0.59	9.98e-01	 340.30
  2	 79	C	    2	0.59	9.98e-01	 340.30
  2	 80	T	    2	0.59	9.98e-01	 340.30
  3	115	G	    2	0.59	9.98e-01	 340.30
  0	126	T	    2	0.59	9.98e-01	 340.30
  4	103	A	    2	0.59	9.98e-01	 340.30
  4	106	C	    2	0.59	9.98e-01	 340.30
  4	109	C	    2	0.59	9.98e-01	 340.30
  1	 86	C	    2	0.59	9.98e-01	 340.30
  4	 71	A	    2	0.59	9.98e-01	 340.30
  4	117	T	    2	0.59	9.98e-01	 340.30
  2	 25	A	    2	0.59	9.98e-01	 340.30
  0	131	A	    2	0.59	9.98e-01	 340.30
  1	144	G	    2	0.59	9.98e-01	 340.30
  1	162	T	    2	0.59	9.98e-01	 340.30
  2	 59	C	    2	0.59	9.98e-01	 340.30
  4	123	A	    2	0.59	9.98e-01	 340.30
  0	 61	G	    2	0.59	9.98e-01	 340.30
  1	120	C	    2	0.59	9.98e-01	 340.30
  1	130	T	    2	0.59	9.98e-01	 340.30
  1	154	T	    2	0.59	9.98e-01	 340.30
  3	 36	T	    2	0.59	9.98e-01	 340.30
  1	115	T	    2	0.59	9.98e-01	 340.30
  3	102	T	    2	0.59	9.98e-01	 340.30
  4	 47	A	    2	0.59	9.98e-01	 340.30
  1	127	T	    2	0.59	9.98e-01	 340.30
  4	 82	G	    2	0.59	9.98e-01	 340.30
  1	 84	G	    2	0.59	9.98e-01	 340.30
  4	 60	G	    2	0.59	9.98e-01	 340.30
  4	 98	T	    2	0.59	9.98e-01	 340.30
  0	 21	C	    2	0.59	9.98e-01	 340.30
  3	112	G	    2	0.59	9.98e-01	 340.30
  0	140	A	    2	0.59	9.98e-01	 340.30
  0	 29	A	    2	0.59	9.98e-01	 340.30
  2	 10	T	    2	0.59	9.98e-01	 340.30
  4	 67	C	    2	0.59	9.98e-01	 340.30
  0	 26	T	    2	0.59	9.98e-01	 340.30
  0	 74	C	    2	0.59	9.98e-01	 340.30
  0	 76	C	    2	0.59	9.98e-01	 340.30
  1	 68	T	    2	0.59	9.98e-01	 340.30
  3	 66	A	    2	0.59	9.98e-01	 340.30
  1	136	T	    2	0.59	9.98e-01	 340.30
  3	 76	T	    2	0.59	9.98e-01	 340.30
  2	 58	A	    2	0.59	9.98e-01	 340.30
  4	131	T	    2	0.59	9.98e-01	 340.30
  1	101	C	    2	0.59	9.98e-01	 340.30
  1	104	G	    2	0.59	9.98e-01	 340.30
  1	105	T	    2	0.59	9.98e-01	 340.30
  3	 87	C	    2	0.59	9.98e-01	 340.30
  1	102	C	    2	0.59	9.98e-01	 340.30
  3	 43	T	    2	0.59	9.98e-01	 340.30
  4	 70	T	    2	0.59	9.98e-01	 340.30
  4	 98	C	    2	0.59	9.98e-01	 340.30
  3	 32	T	    2	0.59	9.98e-01	 340.30
  4	 50	T	    2	0.59	9.98e-01	 340.30
  1	 40	A	    2	0.59	9.98e-01	 340.30
  2	 81	G	    2	0.59	9.98e-01	 340.30
  2	 88	A	    2	0.59	9.98e-01	 340.30
  1	 75	A	    2	0.59	9.98e-01	 340.30
  1	124	C	    2	0.59	9.98e-01	 340.30
  1	 21	T	    2	0.59	9.98e-01	 340.30
  2	120	A	    2	0.59	9.98e-01	 340.30
  3	119	T	    2	0.59	9.98e-01	 340.30
  4	 51	C	    2	0.59	9.98e-01	 340.30
  4	 73	C	    2	0.59	9.98e-01	 340.30
  0	 50	C	    2	0.59	9.98e-01	 340.30
  4	138	C	    2	0.59	9.98e-01	 340.30
  4	157	T	    2	0.59	9.98e-01	 340.30
  1	 76	T	    2	0.59	9.98e-01	 340.30
  3	137	T	    2	0.59	9.98e-01	 340.30
  3	 49	C	    2	0.59	9.98e-01	 340.30
  4	 85	A	    2	0.59	9.98e-01	 340.30
  0	  3	G	    2	0.59	9.98e-01	 340.30
  3	121	A	    2	0.59	9.98e-01	 340.30
  1	  8	G	    2	0.59	9.98e-01	 340.30
  3	110	C	    2	0.59	9.98e-01	 340.30
  3	 46	T	    2	0.59	9.98e-01	 340.30
  0	  9	G	    2	0.59	9.98e-01	 340.30
  3	 79	G	    2	0.59	9.98e-01	 340.30
  2	 51	G	    2	0.59	9.98e-01	 340.30
  2	 55	A	    2	0.59	9.98e-01	 340.30
  2	155	G	    2	0.59	9.98e-01	 340.30
  3	 95	C	    2	0.59	9.98e-01	 340.30
  1	121	G	    2	0.59	9.98e-01	 340.30
  2	 72	T	    2	0.59	9.98e-01	 340.30
  2	130	C	    2	0.59	9.98e-01	 340.30
  3	126	T	    2	0.59	9.98e-01	 340.30
  3	 56	A	    2	0.59	9.98e-01	 340.30
  3	 35	C	    2	0.59	9.98e-01	 340.30
  2	101	C	    2	0.59	9.98e-01	 340.30
  4	108	T	    2	0.59	9.98e-01	 340.30
  0	 80	G	    2	0.59	9.98e-01	 340.30
  2	109	T	    2	0.59	9.98e-01	 340.30
  2	 69	T	    2	0.59	9.98e-01	 340.30
  1	108	A	    2	0.59	9.98e-01	 340.30
  2	 69	A	    2	0.59	9.98e-01	 340.30
  2	 70	C	    2	0.59	9.98e-01	 340.30
  2	160	G	    2	0.59	9.98e-01	 340.30
  4	 71	T	    2	0.59	9.98e-01	 340.30
  4	 86	C	    2	0.59	9.98e-01	 340.30
  2	 41	C	    2	0.59	9.98e-01	 340.30
  4	128	C	    2	0.59	9.98e-01	 340.30
  0	101	T	    2	0.59	9.98e-01	 340.30
  2	150	C	    2	0.59	9.98e-01	 340.30
  0	149	T	    2	0.59	9.98e-01	 340.30
  1	 41	A	    2	0.59	9.98e-01	 340.30
  3	 45	T	    2	0.59	9.98e-01	 340.30
  4	156	A	    2	0.59	9.98e-01	 340.30
  4	 71	C	    2	0.59	9.98e-01	 340.30
  3	 17	T	    2	0.59	9.98e-01	 340.30
  3	 56	G	    2	0.59	9.98e-01	 340.30
  0	131	T	    2	0.59	9.98e-01	 340.30
  3	146	T	    2	0.59	9.98e-01	 340.30
  0	 16	C	    2	0.59	9.98e-01	 340.30
  3	 12	G	    2	0.59	9.98e-01	 340.30
  4	126	A	    2	0.59	9.98e-01	 340.30
  0	 51	G	    2	0.59	9.98e-01	 340.30
  4	 87	A	    2	0.59	9.98e-01	 340.30
  2	125	T	    2	0.59	9.98e-01	 340.30
  3	115	T	    2	0.59	9.98e-01	 340.30
  2	129	A	    2	0.59	9.98e-01	 340.30
  2	 24	C	    2	0.59	9.98e-01	 340.30
  4	102	A	    2	0.59	9.98e-01	 340.30
  0	 99	T	    2	0.59	9.98e-01	 340.30
  4	132	G	    2	0.59	9.98e-01	 340.30
  0	  9	T	    2	0.59	9.98e-01	 340.30
  4	138	T	    2	0.59	9.98e-01	 340.30
  2	156	G	    2	0.59	9.98e-01	 340.30
  1	 52	A	    1	0.29	1.00e+00	 340.88
  1	 53	A	    1	0.29	1.00e+00	 340.88
  2	 94	G	    1	0.29	1.00e+00	 340.88
  4	144	G	    1	0.29	1.00e+00	 340.88
  3	  5	C	    1	0.29	1.00e+00	 340.88
  0	119	A	    1	0.29	1.00e+00	 340.88
  3	 10	A	    1	0.29	1.00e+00	 340.88
  3	 11	G	    1	0.29	1.00e+00	 340.88
  3	142	A	    1	0.29	1.00e+00	 340.88
  3	158	T	    1	0.29	1.00e+00	 340.88
  4	 88	C	    1	0.29	1.00e+00	 340.88
  4	 90	G	    1	0.29	1.00e+00	 340.88
  4	 91	C	    1	0.29	1.00e+00	 340.88
  4	130	G	    1	0.29	1.00e+00	 340.88
  4	 25	A	    1	0.29	1.00e+00	 340.88
  3	 43	C	    1	0.29	1.00e+00	 340.88
  3	 49	A	    1	0.29	1.00e+00	 340.88
  4	155	C	    1	0.29	1.00e+00	 340.88
  4	156	T	    1	0.29	1.00e+00	 340.88
  4	 38	G	    1	0.29	1.00e+00	 340.88
  0	153	G	    1	0.29	1.00e+00	 340.88
  0	158	C	    1	0.29	1.00e+00	 340.88
  2	121	C	    1	0.29	1.00e+00	 340.88
  3	 17	G	    1	0.29	1.00e+00	 340.88
  3	 53	G	    1	0.29	1.00e+00	 340.88
  3	116	G	    1	0.29	1.00e+00	 340.88
  1	 54	G	    1	0.29	1.00e+00	 340.88
  2	162	A	    1	0.29	1.00e+00	 340.88
  4	 92	T	    1	0.29	1.00e+00	 340.88
  4	 94	C	    1	0.29	1.00e+00	 340.88
  0	129	C	    1	0.29	1.00e+00	 340.88
  0	154	G	    1	0.29	1.00e+00	 340.88
  1	112	G	    1	0.29	1.00e+00	 340.88
  1	146	A	    1	0.29	1.00e+00	 340.88
  4	158	T	    1	0.29	1.00e+00	 340.88
  2	 80	A	    1	0.29	1.00e+00	 340.88
  3	 78	G	    1	0.29	1.00e+00	 340.88
  0	119	G	    1	0.29	1.00e+00	 340.88
  2	 50	T	    1	0.29	1.00e+00	 340.88
  3	157	G	    1	0.29	1.00e+00	 340.88
  4	 47	G	    1	0.29	1.00e+00	 340.88
  2	 46	T	    1	0.29	1.00e+00	 340.88
  3	133	A	    1	0.29	1.00e+00	 340.88
  0	 26	A	    1	0.29	1.00e+00	 340.88
  1	157	C	    1	0.29	1.00e+00	 340.88
  2	 34	A	    1	0.29	1.00e+00	 340.88
  2	 98	C	    1	0.29	1.00e+00	 340.88
  3	 53	T	    1	0.29	1.00e+00	 340.88
  3	 55	A	    1	0.29	1.00e+00	 340.88
  1	149	T	    1	0.29	1.00e+00	 340.88
  3	161	A	    1	0.29	1.00e+00	 340.88
  4	  6	A	    1	0.29	1.00e+00	 340.88
  1	 48	C	    1	0.29	1.00e+00	 340.88
  1	 77	C	    1	0.29	1.00e+00	 340.88
  1	121	C	    1	0.29	1.00e+00	 340.88
  0	 84	G	    1	0.29	1.00e+00	 340.88
  1	 43	C	    1	0.29	1.00e+00	 340.88
  0	 60	G	    1	0.29	1.00e+00	 340.88
  0	 61	A	    1	0.29	1.00e+00	 340.88
  0	 64	A	    1	0.29	1.00e+00	 340.88
  1	 23	T	    1	0.29	1.00e+00	 340.88
  1	 25	A	    1	0.29	1.00e+00	 340.88
  3	 89	A	    1	0.29	1.00e+00	 340.88
  3	 91	A	    1	0.29	1.00e+00	 340.88
  1	 31	A	    1	0.29	1.00e+00	 340.88
  3	 63	C	    1	0.29	1.00e+00	 340.88
  3	 64	G	    1	0.29	1.00e+00	 340.88
  4	 27	G	    1	0.29	1.00e+00	 340.88
  4	 79	G	    1	0.29	1.00e+00	 340.88
  3	 72	A	    1	0.29	1.00e+00	 340.88
  3	146	G	    1	0.29	1.00e+00	 340.88
  4	 96	G	    1	0.29	1.00e+00	 340.88
  0	 72	A	    1	0.29	1.00e+00	 340.88
  0	108	G	    1	0.29	1.00e+00	 340.88
  1	 31	G	    1	0.29	1.00e+00	 340.88
  1	 32	C	    1	0.29	1.00e+00	 340.88
  1	 72	A	    1	0.29	1.00e+00	 340.88
  2	 93	C	    1	0.29	1.00e+00	 340.88
  2	 94	C	    1	0.29	1.00e+00	 340.88
  2	 97	G	    1	0.29	1.00e+00	 340.88
  3	142	C	    1	0.29	1.00e+00	 340.88
  4	 12	C	    1	0.29	1.00e+00	 340.88
  4	140	T	    1	0.29	1.00e+00	 340.88
  0	143	C	    1	0.29	1.00e+00	 340.88
  1	 20	C	    1	0.29	1.00e+00	 340.88
  1	123	C	    1	0.29	1.00e+00	 340.88
  2	 18	G	    1	0.29	1.00e+00	 340.88
  3	 18	G	    1	0.29	1.00e+00	 340.88
  3	 92	T	    1	0.29	1.00e+00	 340.88
  3	109	T	    1	0.29	1.00e+00	 340.88
  4	146	G	    1	0.29	1.00e+00	 340.88
  1	 11	G	    1	0.29	1.00e+00	 340.88
  1	 12	G	    1	0.29	1.00e+00	 340.88
  1	 13	C	    1	0.29	1.00e+00	 340.88
  1	 14	T	    1	0.29	1.00e+00	 340.88
  3	 37	T	    1	0.29	1.00e+00	 340.88
  1	164	G	    1	0.29	1.00e+00	 340.88
  1	132	C	    1	0.29	1.00e+00	 340.88
  1	138	T	    1	0.29	1.00e+00	 340.88
  3	 63	T	    1	0.29	1.00e+00	 340.88
  1	 92	T	    1	0.29	1.00e+00	 340.88
  3	144	T	    1	0.29	1.00e+00	 340.88
  0	 43	C	    1	0.29	1.00e+00	 340.88
  3	103	A	    1	0.29	1.00e+00	 340.88
  3	144	C	    1	0.29	1.00e+00	 340.88
  4	 26	C	    1	0.29	1.00e+00	 340.88
  2	 96	G	    1	0.29	1.00e+00	 340.88
  2	 97	A	    1	0.29	1.00e+00	 340.88
  2	122	C	    1	0.29	1.00e+00	 340.88
  3	 62	C	    1	0.29	1.00e+00	 340.88
  4	150	A	    1	0.29	1.00e+00	 340.88
  4	152	T	    1	0.29	1.00e+00	 340.88
  0	 87	A	    1	0.29	1.00e+00	 340.88
  1	 66	C	    1	0.29	1.00e+00	 340.88
  1	 71	T	    1	0.29	1.00e+00	 340.88
  4	 16	G	    1	0.29	1.00e+00	 340.88
  4	 20	G	    1	0.29	1.00e+00	 340.88
  1	 18	C	    1	0.29	1.00e+00	 340.88
  3	161	C	    1	0.29	1.00e+00	 340.88
  0	124	T	    1	0.29	1.00e+00	 340.88
  1	142	C	    1	0.29	1.00e+00	 340.88
  2	124	C	    1	0.29	1.00e+00	 340.88
  0	 67	T	    1	0.29	1.00e+00	 340.88
  1	 38	A	    1	0.29	1.00e+00	 340.88
  3	 83	G	    1	0.29	1.00e+00	 340.88
  2	128	G	    1	0.29	1.00e+00	 340.88
  0	167	T	    1	0.29	1.00e+00	 340.88
  4	 54	G	    1	0.29	1.00e+00	 340.88
  2	147	C	    1	0.29	1.00e+00	 340.88
  4	  8	G	    1	0.29	1.00e+00	 340.88
  2	167	T	    1	0.29	1.00e+00	 340.88
  3	151	A	    1	0.29	1.00e+00	 340.88
  4	150	G	    1	0.29	1.00e+00	 340.88
  0	 16	G	    1	0.29	1.00e+00	 340.88
  2	115	T	    1	0.29	1.00e+00	 340.88
  2	153	G	    1	0.29	1.00e+00	 340.88
  0	 62	A	    1	0.29	1.00e+00	 340.88
  0	 63	T	    1	0.29	1.00e+00	 340.88
  0	156	A	    1	0.29	1.00e+00	 340.88
  4	 11	T	    1	0.29	1.00e+00	 340.88
  2	 95	G	    1	0.29	1.00e+00	 340.88
  1	 81	T	    1	0.29	1.00e+00	 340.88
  2	 48	A	    1	0.29	1.00e+00	 340.88
  4	 83	G	    1	0.29	1.00e+00	 340.88
  0	111	C	    1	0.29	1.00e+00	 340.88
  3	106	T	    1	0.29	1.00e+00	 340.88
  3	107	G	    1	0.29	1.00e+00	 340.88
  1	143	C	    1	0.29	1.00e+00	 340.88
  1	 36	G	    1	0.29	1.00e+00	 340.88
  0	 52	G	    1	0.29	1.00e+00	 340.88
  2	164	G	    1	0.29	1.00e+00	 340.88
  4	 12	T	    1	0.29	1.00e+00	 340.88
  4	162	A	    1	0.29	1.00e+00	 340.88
  0	 84	A	    1	0.29	1.00e+00	 340.88
  0	 87	G	    1	0.29	1.00e+00	 340.88
  4	149	G	    1	0.29	1.00e+00	 340.88
  1	 52	T	    1	0.29	1.00e+00	 340.88
  3	134	A	    1	0.29	1.00e+00	 340.88
  0	146	G	    1	0.29	1.00e+00	 340.88
  1	 10	C	    1	0.29	1.00e+00	 340.88
  3	  6	T	    1	0.29	1.00e+00	 340.88
  2	 55	G	    1	0.29	1.00e+00	 340.88
  4	134	A	    1	0.29	1.00e+00	 340.88
  1	 59	G	    1	0.29	1.00e+00	 340.88
  1	 76	C	    1	0.29	1.00e+00	 340.88
  0	 60	A	    1	0.29	1.00e+00	 340.88
  2	 26	T	    1	0.29	1.00e+00	 340.88
  2	 42	C	    1	0.29	1.00e+00	 340.88
  0	 13	T	    1	0.29	1.00e+00	 340.88
  2	 11	G	    1	0.29	1.00e+00	 340.88
  2	 14	G	    1	0.29	1.00e+00	 340.88
  3	 30	A	    1	0.29	1.00e+00	 340.88
  4	 21	A	    1	0.29	1.00e+00	 340.88
  0	103	T	    1	0.29	1.00e+00	 340.88
  0	107	G	    1	0.29	1.00e+00	 340.88
  2	 83	A	    1	0.29	1.00e+00	 340.88
  3	 88	C	    1	0.29	1.00e+00	 340.88
  1	148	A	    1	0.29	1.00e+00	 340.88
  2	 22	C	    1	0.29	1.00e+00	 340.88
  4	 84	A	    1	0.29	1.00e+00	 340.88
  2	115	G	    1	0.29	1.00e+00	 340.88
  0	 83	C	    1	0.29	1.00e+00	 340.88
  0	126	C	    1	0.29	1.00e+00	 340.88
  2	112	A	    1	0.29	1.00e+00	 340.88
  4	 26	T	    1	0.29	1.00e+00	 340.88
  0	109	G	    1	0.29	1.00e+00	 340.88
  3	 68	T	    1	0.29	1.00e+00	 340.88
  0	 11	G	    1	0.29	1.00e+00	 340.88
  3	 76	G	    1	0.29	1.00e+00	 340.88
  1	 80	G	    1	0.29	1.00e+00	 340.88
  2	123	A	    1	0.29	1.00e+00	 340.88
  0	110	G	    1	0.29	1.00e+00	 340.88
  1	 39	C	    1	0.29	1.00e+00	 340.88
  2	  6	T	    1	0.29	1.00e+00	 340.88
  1	 65	T	    1	0.29	1.00e+00	 340.88
  4	164	C	    1	0.29	1.00e+00	 340.88
  0	  7	C	    1	0.29	1.00e+00	 340.88
  1	117	T	    1	0.29	1.00e+00	 340.88
  1	 25	G	    1	0.29	1.00e+00	 340.88
  1	 26	C	    1	0.29	1.00e+00	 340.88
  2	  7	C	    1	0.29	1.00e+00	 340.88
  0	 82	A	    1	0.29	1.00e+00	 340.88
  0	 86	G	    1	0.29	1.00e+00	 340.88
  0	106	C	    1	0.29	1.00e+00	 340.88
  0	107	C	    1	0.29	1.00e+00	 340.88
  1	162	G	    1	0.29	1.00e+00	 340.88
  4	111	G	    1	0.29	1.00e+00	 340.88
  0	135	T	    1	0.29	1.00e+00	 340.88
  2	 71	C	    1	0.29	1.00e+00	 340.88
  0	128	C	    1	0.29	1.00e+00	 340.88
  1	 44	C	    1	0.29	1.00e+00	 340.88
  4	163	C	    1	0.29	1.00e+00	 340.88
  4	 62	T	    1	0.29	1.00e+00	 340.88
  0	 56	A	    1	0.29	1.00e+00	 340.88
  1	144	C	    1	0.29	1.00e+00	 340.88
  2	 47	A	    1	0.29	1.00e+00	 340.88
  0	125	T	    1	0.29	1.00e+00	 340.88
  0	127	C	    1	0.29	1.00e+00	 340.88
  1	 86	G	    1	0.29	1.00e+00	 340.88
  1	 87	C	    1	0.29	1.00e+00	 340.88
  1	 88	A	    1	0.29	1.00e+00	 340.88
  1	 96	C	    1	0.29	1.00e+00	 340.88
  1	100	G	    1	0.29	1.00e+00	 340.88
  4	107	C	    1	0.29	1.00e+00	 340.88
  3	 94	C	    1	0.29	1.00e+00	 340.88
  3	162	G	    1	0.29	1.00e+00	 340.88
  0	 54	C	    1	0.29	1.00e+00	 340.88
  1	145	T	    1	0.29	1.00e+00	 340.88
  4	103	G	    1	0.29	1.00e+00	 340.88
  1	131	C	    1	0.29	1.00e+00	 340.88
  3	 16	A	    1	0.29	1.00e+00	 340.88
  1	161	T	    1	0.29	1.00e+00	 340.88
  3	148	T	    1	0.29	1.00e+00	 340.88
  3	 92	C	    1	0.29	1.00e+00	 340.88
  4	 64	C	    1	0.29	1.00e+00	 340.88
  1	126	A	    1	0.29	1.00e+00	 340.88
  1	127	G	    1	0.29	1.00e+00	 340.88
  3	 12	T	    1	0.29	1.00e+00	 340.88
  4	117	C	    1	0.29	1.00e+00	 340.88
  1	143	G	    1	0.29	1.00e+00	 340.88
  2	 98	G	    1	0.29	1.00e+00	 340.88
  3	 13	G	    1	0.29	1.00e+00	 340.88
  0	133	A	    1	0.29	1.00e+00	 340.88
  0	139	C	    1	0.29	1.00e+00	 340.88
  1	 16	C	    1	0.29	1.00e+00	 340.88
  3	 78	T	    1	0.29	1.00e+00	 340.88
  3	 21	C	    1	0.29	1.00e+00	 340.88
  3	 66	T	    1	0.29	1.00e+00	 340.88
  3	 69	A	    1	0.29	1.00e+00	 340.88
  2	 49	C	    1	0.29	1.00e+00	 340.88
  3	 40	A	    1	0.29	1.00e+00	 340.88
  0	 85	G	    1	0.29	1.00e+00	 340.88
  0	160	C	    1	0.29	1.00e+00	 340.88
  3	 95	T	    1	0.29	1.00e+00	 340.88
  4	 11	C	    1	0.29	1.00e+00	 340.88
  4	 13	G	    1	0.29	1.00e+00	 340.88
  0	  5	C	    1	0.29	1.00e+00	 340.88
  1	 94	T	    1	0.29	1.00e+00	 340.88
  1	 96	G	    1	0.29	1.00e+00	 340.88
  2	 25	T	    1	0.29	1.00e+00	 340.88
  2	 97	T	    1	0.29	1.00e+00	 340.88
  3	114	C	    1	0.29	1.00e+00	 340.88
  1	 34	A	    1	0.29	1.00e+00	 340.88
  1	119	A	    1	0.29	1.00e+00	 340.88
  1	 62	T	    1	0.29	1.00e+00	 340.88
  1	 63	G	    1	0.29	1.00e+00	 340.88
  0	  4	C	    1	0.29	1.00e+00	 340.88
  0	 89	G	    1	0.29	1.00e+00	 340.88
  4	160	T	    1	0.29	1.00e+00	 340.88
  1	 89	A	    1	0.29	1.00e+00	 340.88
  4	151	G	    1	0.29	1.00e+00	 340.88
  4	156	G	    1	0.29	1.00e+00	 340.88
  3	159	A	    1	0.29	1.00e+00	 340.88
  1	153	G	    1	0.29	1.00e+00	 340.88
  4	 16	C	    1	0.29	1.00e+00	 340.88
  1	116	T	    1	0.29	1.00e+00	 340.88
  3	 34	G	    1	0.29	1.00e+00	 340.88
  4	103	C	    1	0.29	1.00e+00	 340.88
  3	106	A	    1	0.29	1.00e+00	 340.88
  3	161	T	    1	0.29	1.00e+00	 340.88
  4	132	A	    1	0.29	1.00e+00	 340.88
  4	133	G	    1	0.29	1.00e+00	 340.88
  0	 51	T	    1	0.29	1.00e+00	 340.88
  0	 70	T	    1	0.29	1.00e+00	 340.88
  0	 74	A	    1	0.29	1.00e+00	 340.88
  1	132	T	    1	0.29	1.00e+00	 340.88
  1	151	G	    1	0.29	1.00e+00	 340.88
  4	108	C	    1	0.29	1.00e+00	 340.88
  0	111	T	    1	0.29	1.00e+00	 340.88
  2	 57	A	    1	0.29	1.00e+00	 340.88
  0	 90	A	    1	0.29	1.00e+00	 340.88
  1	 36	T	    1	0.29	1.00e+00	 340.88
  2	 19	A	    1	0.29	1.00e+00	 340.88
  2	 20	C	    1	0.29	1.00e+00	 340.88
  3	 23	T	    1	0.29	1.00e+00	 340.88
  4	116	G	    1	0.29	1.00e+00	 340.88
  2	 38	A	    1	0.29	1.00e+00	 340.88
  3	 29	C	    1	0.29	1.00e+00	 340.88
  3	 48	G	    1	0.29	1.00e+00	 340.88
  3	 94	T	    1	0.29	1.00e+00	 340.88
  4	 30	T	    1	0.29	1.00e+00	 340.88
  4	 31	G	    1	0.29	1.00e+00	 340.88
  1	134	C	    1	0.29	1.00e+00	 340.88
  4	146	C	    1	0.29	1.00e+00	 340.88
  0	121	C	    1	0.29	1.00e+00	 340.88
  1	124	T	    1	0.29	1.00e+00	 340.88
  3	 51	C	    1	0.29	1.00e+00	 340.88
  4	129	A	    1	0.29	1.00e+00	 340.88
  0	162	A	    1	0.29	1.00e+00	 340.88
  2	 38	G	    1	0.29	1.00e+00	 340.88
  4	 45	T	    1	0.29	1.00e+00	 340.88
  4	 24	G	    1	0.29	1.00e+00	 340.88
  1	 47	A	    1	0.29	1.00e+00	 340.88
  2	138	C	    1	0.29	1.00e+00	 340.88
  3	 81	T	    1	0.29	1.00e+00	 340.88
  3	102	C	    1	0.29	1.00e+00	 340.88
  4	 23	C	    1	0.29	1.00e+00	 340.88
  0	123	C	    1	0.29	1.00e+00	 340.88
  3	 96	C	    1	0.29	1.00e+00	 340.88
  2	103	T	    1	0.29	1.00e+00	 340.88
  2	104	G	    1	0.29	1.00e+00	 340.88
  3	 44	T	    1	0.29	1.00e+00	 340.88
  3	 82	G	    1	0.29	1.00e+00	 340.88
  0	 83	G	    1	0.29	1.00e+00	 340.88
  0	115	T	    1	0.29	1.00e+00	 340.88
  2	 85	G	    1	0.29	1.00e+00	 340.88
  1	 77	T	    1	0.29	1.00e+00	 340.88
  4	 30	C	    1	0.29	1.00e+00	 340.88
  0	 96	C	    1	0.29	1.00e+00	 340.88
  2	 58	G	    1	0.29	1.00e+00	 340.88
  2	110	A	    1	0.29	1.00e+00	 340.88
  3	115	C	    1	0.29	1.00e+00	 340.88
  4	 18	G	    1	0.29	1.00e+00	 340.88
  4	 19	C	    1	0.29	1.00e+00	 340.88
  0	147	T	    1	0.29	1.00e+00	 340.88
  2	104	A	    1	0.29	1.00e+00	 340.88
  1	 83	C	    1	0.29	1.00e+00	 340.88
  2	 75	T	    1	0.29	1.00e+00	 340.88
  0	 54	T	    1	0.29	1.00e+00	 340.88
  0	 86	A	    1	0.29	1.00e+00	 340.88
  0	 88	A	    1	0.29	1.00e+00	 340.88
  3	118	A	    1	0.29	1.00e+00	 340.88
  1	109	T	    1	0.29	1.00e+00	 340.88
  3	128	C	    1	0.29	1.00e+00	 340.88
  2	 40	G	    1	0.29	1.00e+00	 340.88
  4	 93	C	    1	0.29	1.00e+00	 340.88
  4	 18	C	    1	0.29	1.00e+00	 340.88
  1	104	C	    1	0.29	1.00e+00	 340.88
  4	122	T	    1	0.29	1.00e+00	 340.88
  0	120	A	    1	0.29	1.00e+00	 340.88
  0	124	C	    1	0.29	1.00e+00	 340.88
  0	150	C	    1	0.29	1.00e+00	 340.88
  1	118	T	    1	0.29	1.00e+00	 340.88
  2	 95	C	    1	0.29	1.00e+00	 340.88
  2	118	C	    1	0.29	1.00e+00	 340.88
  0	137	T	    1	0.29	1.00e+00	 340.88
  3	114	T	    1	0.29	1.00e+00	 340.88
  2	 75	C	    1	0.29	1.00e+00	 340.88
  2	 81	C	    1	0.29	1.00e+00	 340.88
  4	 37	T	    1	0.29	1.00e+00	 340.88
  4	 38	T	    1	0.29	1.00e+00	 340.88
  2	 10	A	    1	0.29	1.00e+00	 340.88
  3	 20	G	    1	0.29	1.00e+00	 340.88
  2	163	A	    1	0.29	1.00e+00	 340.88
  4	100	G	    1	0.29	1.00e+00	 340.88
  2	124	T	    1	0.29	1.00e+00	 340.88
  2	 40	A	    1	0.29	1.00e+00	 340.88
  2	 41	T	    1	0.29	1.00e+00	 340.88
  3	135	C	    1	0.29	1.00e+00	 340.88
  1	 84	A	    1	0.29	1.00e+00	 340.88
  1	144	T	    1	0.29	1.00e+00	 340.88
  2	 66	T	    1	0.29	1.00e+00	 340.88
  1	 35	G	    1	0.29	1.00e+00	 340.88
  1	 36	C	    1	0.29	1.00e+00	 340.88
  1	 67	T	    1	0.29	1.00e+00	 340.88
  4	 44	C	    1	0.29	1.00e+00	 340.88
  0	150	A	    1	0.29	1.00e+00	 340.88
  3	 84	G	    1	0.29	1.00e+00	 340.88
  3	 64	C	    1	0.29	1.00e+00	 340.88
  3	149	T	    1	0.29	1.00e+00	 340.88
  1	 55	G	    1	0.29	1.00e+00	 340.88
  3	 69	T	    1	0.29	1.00e+00	 340.88
  3	 74	G	    1	0.29	1.00e+00	 340.88
  0	 90	G	    1	0.29	1.00e+00	 340.88
  0	113	C	    1	0.29	1.00e+00	 340.88
  2	 48	C	    1	0.29	1.00e+00	 340.88
  0	132	C	    1	0.29	1.00e+00	 340.88
  3	  3	G	    1	0.29	1.00e+00	 340.88
  3	 35	G	    1	0.29	1.00e+00	 340.88
  0	 96	G	    1	0.29	1.00e+00	 340.88
  0	 97	A	    1	0.29	1.00e+00	 340.88
  4	 85	G	    1	0.29	1.00e+00	 340.88
  1	 99	T	    1	0.29	1.00e+00	 340.88
  4	 29	C	    1	0.29	1.00e+00	 340.88
  1	134	G	    1	0.29	1.00e+00	 340.88
  1	135	T	    1	0.29	1.00e+00	 340.88
  3	111	G	    1	0.29	1.00e+00	 340.88
  3	 17	A	    1	0.29	1.00e+00	 340.88
  4	 34	A	    1	0.29	1.00e+00	 340.88
  1	 20	G	    1	0.29	1.00e+00	 340.88
  2	162	T	    1	0.29	1.00e+00	 340.88
  4	 54	A	    1	0.29	1.00e+00	 340.88
  0	146	A	    1	0.29	1.00e+00	 340.88
  0	149	A	    1	0.29	1.00e+00	 340.88
  3	119	G	    1	0.29	1.00e+00	 340.88
  0	 34	A	    1	0.29	1.00e+00	 340.88
  0	 46	T	    1	0.29	1.00e+00	 340.88
  3	 46	C	    1	0.29	1.00e+00	 340.88
  3	 53	C	    1	0.29	1.00e+00	 340.88
  4	 93	G	    1	0.29	1.00e+00	 340.88
  0	 68	C	    1	0.29	1.00e+00	 340.88
  0	 69	G	    1	0.29	1.00e+00	 340.88
  1	159	G	    1	0.29	1.00e+00	 340.88
  3	139	C	    1	0.29	1.00e+00	 340.88
  2	120	G	    1	0.29	1.00e+00	 340.88
  0	120	C	    1	0.29	1.00e+00	 340.88
  3	104	C	    1	0.29	1.00e+00	 340.88
  4	145	G	    1	0.29	1.00e+00	 340.88
  3	163	C	    1	0.29	1.00e+00	 340.88
  2	 55	C	    1	0.29	1.00e+00	 340.88
  2	 57	G	    1	0.29	1.00e+00	 340.88
  3	 99	C	    1	0.29	1.00e+00	 340.88
  2	 42	G	    1	0.29	1.00e+00	 340.88
  0	140	G	    1	0.29	1.00e+00	 340.88
  3	 44	C	    1	0.29	1.00e+00	 340.88
  0	 30	C	    1	0.29	1.00e+00	 340.88
  1	121	A	    1	0.29	1.00e+00	 340.88
  2	 30	A	    1	0.29	1.00e+00	 340.88
  2	151	A	    1	0.29	1.00e+00	 340.88
  2	102	T	    1	0.29	1.00e+00	 340.88
  2	117	G	    1	0.29	1.00e+00	 340.88
  3	125	A	    1	0.29	1.00e+00	 340.88
  2	  8	T	    1	0.29	1.00e+00	 340.88
  2	 13	T	    1	0.29	1.00e+00	 340.88
  0	 85	A	    1	0.29	1.00e+00	 340.88
  2	 84	A	    1	0.29	1.00e+00	 340.88
  3	130	A	    1	0.29	1.00e+00	 340.88
  4	112	A	    1	0.29	1.00e+00	 340.88
  2	157	G	    1	0.29	1.00e+00	 340.88
  4	114	T	    1	0.29	1.00e+00	 340.88
  4	115	A	    1	0.29	1.00e+00	 340.88
  0	 78	G	    1	0.29	1.00e+00	 340.88
  1	102	G	    1	0.29	1.00e+00	 340.88
  2	 76	T	    1	0.29	1.00e+00	 340.88
  3	137	C	    1	0.29	1.00e+00	 340.88
  4	135	T	    1	0.29	1.00e+00	 340.88
  4	136	T	    1	0.29	1.00e+00	 340.88
  1	137	T	    1	0.29	1.00e+00	 340.88
  2	122	A	    1	0.29	1.00e+00	 340.88
  0	 66	C	    1	0.29	1.00e+00	 340.88
  0	112	C	    1	0.29	1.00e+00	 340.88
  0	162	T	    1	0.29	1.00e+00	 340.88
  1	 93	C	    1	0.29	1.00e+00	 340.88
  1	 95	C	    1	0.29	1.00e+00	 340.88
  1	104	A	    1	0.29	1.00e+00	 340.88
  2	154	A	    1	0.29	1.00e+00	 340.88
  3	165	T	    1	0.29	1.00e+00	 340.88
  4	101	T	    1	0.29	1.00e+00	 340.88
  0	 61	C	    1	0.29	1.00e+00	 340.88
  3	121	T	    1	0.29	1.00e+00	 340.88
  4	 16	A	    1	0.29	1.00e+00	 340.88
  4	 22	G	    1	0.29	1.00e+00	 340.88
  1	 27	A	    1	0.29	1.00e+00	 340.88
  4	 73	A	    1	0.29	1.00e+00	 340.88
  1	 82	A	    1	0.29	1.00e+00	 340.88
  1	113	A	    1	0.29	1.00e+00	 340.88
  1	114	T	    1	0.29	1.00e+00	 340.88
  2	 33	A	    1	0.29	1.00e+00	 340.88
  1	 63	C	    1	0.29	1.00e+00	 340.88
  2	 32	C	    1	0.29	1.00e+00	 340.88
  4	 44	T	    1	0.29	1.00e+00	 340.88
  2	154	G	    1	0.29	1.00e+00	 340.88
  2	155	C	    1	0.29	1.00e+00	 340.88
  4	 73	G	    1	0.29	1.00e+00	 340.88
  2	 27	G	    1	0.29	1.00e+00	 340.88
  2	149	T	    1	0.29	1.00e+00	 340.88
  4	147	C	    1	0.29	1.00e+00	 340.88
  1	  5	C	    1	0.29	1.00e+00	 340.88
  3	 25	A	    1	0.29	1.00e+00	 340.88
  4	 68	A	    1	0.29	1.00e+00	 340.88
  4	 74	A	    1	0.29	1.00e+00	 340.88
  0	110	A	    1	0.29	1.00e+00	 340.88
  2	 28	C	    1	0.29	1.00e+00	 340.88
  2	156	C	    1	0.29	1.00e+00	 340.88
  3	 30	T	    1	0.29	1.00e+00	 340.88
  3	 31	T	    1	0.29	1.00e+00	 340.88
  3	 32	C	    1	0.29	1.00e+00	 340.88
  3	126	C	    1	0.29	1.00e+00	 340.88
  3	127	C	    1	0.29	1.00e+00	 340.88
  4	139	G	    1	0.29	1.00e+00	 340.88
  1	148	C	    1	0.29	1.00e+00	 340.88
  2	 19	C	    1	0.29	1.00e+00	 340.88
  0	155	C	    1	0.29	1.00e+00	 340.88
  4	104	T	    1	0.29	1.00e+00	 340.88
  0	164	T	    1	0.29	1.00e+00	 340.88
  2	 35	A	    1	0.29	1.00e+00	 340.88
  0	  8	A	    1	0.29	1.00e+00	 340.88
  3	155	G	    1	0.29	1.00e+00	 340.88
  4	 94	T	    1	0.29	1.00e+00	 340.88
  4	 86	T	    1	0.29	1.00e+00	 340.88
  4	 88	T	    1	0.29	1.00e+00	 340.88
  2	 43	C	    1	0.29	1.00e+00	 340.88
  0	128	A	    1	0.29	1.00e+00	 340.88
  3	 87	G	    1	0.29	1.00e+00	 340.88
  4	 15	C	    1	0.29	1.00e+00	 340.88
  2	128	A	    1	0.29	1.00e+00	 340.88
  2	 90	A	    1	0.29	1.00e+00	 340.88
  2	 92	G	    1	0.29	1.00e+00	 340.88
  4	  2	T	    1	0.29	1.00e+00	 340.88
  4	139	A	    1	0.29	1.00e+00	 340.88
  0	  9	C	    1	0.29	1.00e+00	 340.88
  1	 99	C	    1	0.29	1.00e+00	 340.88
  1	102	T	    1	0.29	1.00e+00	 340.88
  2	105	A	    1	0.29	1.00e+00	 340.88
  1	 62	C	    1	0.29	1.00e+00	 340.88
  1	158	C	    1	0.29	1.00e+00	 340.88
  4	154	G	    1	0.29	1.00e+00	 340.88
  0	143	A	    1	0.29	1.00e+00	 340.88
  0	144	G	    1	0.29	1.00e+00	 340.88
  2	155	T	    1	0.29	1.00e+00	 340.88
  2	157	C	    1	0.29	1.00e+00	 340.88
  1	149	G	    1	0.29	1.00e+00	 340.88

