# Variants on HOR units of type: ~ / 136976
midx	pos	bas	count	freq	   p-val	 cfd.
  0	 31	G	73490	53.65	1.11e-16	   0.00
  0	 67	A	69368	50.64	1.11e-16	   0.00
  3	 43	G	48084	35.10	1.11e-16	   0.00
  1	  6	G	46200	33.73	1.11e-16	   0.00
  0	117	T	45105	32.93	1.11e-16	   0.00
  2	 60	T	43017	31.40	1.11e-16	   0.00
  3	 87	A	32287	23.57	1.11e-16	   0.00
  0	 81	C	22703	16.57	1.11e-16	   0.00
  1	140	A	20445	14.93	1.11e-16	   0.00
  4	166	G	20099	14.67	1.11e-16	   0.00
  2	105	T	19174	14.00	1.11e-16	   0.00
  3	 16	A	18792	13.72	1.11e-16	   0.00
  2	 71	C	17248	12.59	1.11e-16	   0.00
  0	139	G	15428	11.26	1.11e-16	   0.00
  2	141	A	14442	10.54	1.11e-16	   0.00
  4	 99	A	13849	10.11	1.11e-16	   0.00
  0	141	A	13778	10.06	1.11e-16	   0.00
  3	 47	G	11070	8.08	1.11e-16	   0.00
  4	 35	T	10971	8.01	1.11e-16	   0.00
  3	 80	A	10825	7.90	1.11e-16	   0.00
  4	 31	T	10004	7.30	1.11e-16	   0.00
  4	 34	C	 9956	7.27	1.11e-16	   0.00
  2	139	G	 9873	7.21	1.11e-16	   0.00
  1	134	G	 9830	7.18	1.11e-16	   0.00
  0	 69	T	 9710	7.09	1.11e-16	   0.00
  2	111	A	 9706	7.09	1.11e-16	   0.00
  0	 96	C	 9579	6.99	1.11e-16	   0.00
  2	 30	A	 9322	6.81	1.11e-16	   0.00
  4	100	T	 9041	6.60	1.11e-16	   0.00
  1	135	A	 9002	6.57	1.11e-16	   0.00
  1	159	G	 8811	6.43	1.11e-16	   0.00
  1	  5	G	 8505	6.21	1.11e-16	   0.00
  0	140	A	 8432	6.16	1.11e-16	   0.00
  1	 52	A	 8421	6.15	1.11e-16	   0.00
  2	 47	A	 8421	6.15	1.11e-16	   0.00
  0	 39	C	 7985	5.83	1.11e-16	   0.00
  2	 75	G	 7593	5.54	1.11e-16	   0.00
  4	128	T	 7584	5.54	1.11e-16	   0.00
  2	 31	T	 7542	5.51	1.11e-16	   0.00
  1	 31	T	 7253	5.30	1.11e-16	   0.00
  0	 68	A	 7124	5.20	1.11e-16	   0.00
  2	132	A	 6948	5.07	1.11e-16	   0.00
  3	 10	A	 6865	5.01	1.11e-16	   0.00
  3	 46	G	 6854	5.00	1.11e-16	   0.00
  2	 25	A	 6764	4.94	1.11e-16	   0.00
  1	162	C	 6436	4.70	1.11e-16	   0.00
  1	138	G	 6146	4.49	1.11e-16	   0.00
  2	153	T	 6056	4.42	1.11e-16	   0.00
  0	103	C	 6012	4.39	1.11e-16	   0.00
  4	101	T	 5974	4.36	1.11e-16	   0.00
  4	 41	T	 5945	4.34	1.11e-16	   0.00
  2	120	A	 5935	4.33	1.11e-16	   0.00
  1	124	A	 5920	4.32	1.11e-16	   0.00
  4	129	C	 5914	4.32	1.11e-16	   0.00
  0	 69	A	 5887	4.30	1.11e-16	   0.00
  1	 64	G	 5853	4.27	1.11e-16	   0.00
  3	132	A	 5828	4.25	1.11e-16	   0.00
  0	126	A	 5822	4.25	1.11e-16	   0.00
  4	 39	C	 5682	4.15	1.11e-16	   0.00
  4	112	C	 5672	4.14	1.11e-16	   0.00
  2	 22	A	 5636	4.11	1.11e-16	   0.00
  0	140	T	 5630	4.11	1.11e-16	   0.00
  3	 45	G	 5610	4.10	1.11e-16	   0.00
  1	143	C	 5556	4.06	1.11e-16	   0.00
  4	 90	C	 5481	4.00	1.11e-16	   0.00
  2	133	C	 5412	3.95	1.11e-16	   0.00
  3	127	T	 5379	3.93	1.11e-16	   0.00
  0	 17	T	 5375	3.92	1.11e-16	   0.00
  2	 59	A	 5352	3.91	1.11e-16	   0.00
  1	 45	G	 5330	3.89	1.11e-16	   0.00
  4	 42	G	 5229	3.82	1.11e-16	   0.00
  2	131	A	 5219	3.81	1.11e-16	   0.00
  2	142	T	 5217	3.81	1.11e-16	   0.00
  1	135	T	 5120	3.74	1.11e-16	   0.00
  4	 79	G	 5079	3.71	1.11e-16	   0.00
  3	 64	T	 5039	3.68	1.11e-16	   0.00
  2	 71	A	 4995	3.65	1.11e-16	   0.00
  2	 99	A	 4992	3.64	1.11e-16	   0.00
  4	102	G	 4919	3.59	1.11e-16	   0.00
  0	 70	G	 4887	3.57	1.11e-16	   0.00
  0	144	C	 4881	3.56	1.11e-16	   0.00
  0	109	G	 4838	3.53	1.11e-16	   0.00
  4	100	A	 4834	3.53	1.11e-16	   0.00
  1	 47	C	 4804	3.51	1.11e-16	   0.00
  4	 68	A	 4786	3.49	1.11e-16	   0.00
  4	113	A	 4769	3.48	1.11e-16	   0.00
  2	110	G	 4763	3.48	1.11e-16	   0.00
  0	132	A	 4746	3.46	1.11e-16	   0.00
  1	 37	G	 4730	3.45	1.11e-16	   0.00
  3	119	A	 4706	3.44	1.11e-16	   0.00
  1	 22	A	 4696	3.43	1.11e-16	   0.00
  4	 16	T	 4695	3.43	1.11e-16	   0.00
  4	110	C	 4673	3.41	1.11e-16	   0.00
  0	 19	C	 4670	3.41	1.11e-16	   0.00
  0	136	A	 4654	3.40	1.11e-16	   0.00
  0	 66	A	 4649	3.39	1.11e-16	   0.00
  3	 38	T	 4617	3.37	1.44e-15	   0.00
  0	 58	C	 4606	3.36	5.33e-15	   0.00
  3	117	A	 4592	3.35	2.79e-14	   0.00
  1	 56	A	 4562	3.33	8.40e-13	   0.00
  4	134	C	 4552	3.32	2.50e-12	   0.00
  1	152	C	 4546	3.32	4.76e-12	   0.00
  1	153	T	 4537	3.31	1.23e-11	   0.00
  0	  6	T	 4511	3.29	1.73e-10	   0.00
  0	135	A	 4502	3.29	4.18e-10	   0.00
  2	113	T	 4497	3.28	6.75e-10	   0.00
  3	108	T	 4496	3.28	7.43e-10	   0.00
  2	102	T	 4464	3.26	1.40e-08	   0.00
  0	 67	T	 4420	3.23	5.48e-07	   0.08
  0	 76	A	 4400	3.21	2.51e-06	   0.34
  3	116	A	 4395	3.21	3.62e-06	   0.50
  0	 20	G	 4376	3.19	1.38e-05	   1.90
  0	 52	T	 4369	3.19	2.22e-05	   3.04
  4	 69	T	 4356	3.18	5.20e-05	   7.12
  0	101	C	 4347	3.17	9.16e-05	  12.55
  3	 77	G	 4318	3.15	5.02e-04	  68.70
  2	122	A	 4314	3.15	6.25e-04	  85.59
  0	149	A	 4311	3.15	7.35e-04	 100.69
  4	127	T	 4306	3.14	9.59e-04	 131.42
  0	164	G	 4297	3.14	1.53e-03	 209.29
  1	 57	T	 4275	3.12	4.42e-03	 605.17
  0	 65	A	 4252	3.10	1.20e-02	1638.45
  4	100	G	 4247	3.10	1.46e-02	2003.67
  2	 52	T	 4246	3.10	1.52e-02	2084.60
  3	 60	C	 4245	3.10	1.58e-02	2168.32
  4	114	A	 4240	3.10	1.92e-02	2631.60
  2	135	T	 4232	3.09	2.59e-02	3547.36
  1	134	T	 4232	3.09	2.59e-02	3547.36
  3	 72	T	 4182	3.05	1.23e-01	16882.03
  1	135	C	 4175	3.05	1.47e-01	20159.34
  1	108	G	 4164	3.04	1.91e-01	26124.86
  4	 42	T	 4141	3.02	3.04e-01	41677.11
  4	 36	A	 4131	3.02	3.62e-01	49533.98
  1	115	T	 4114	3.00	4.66e-01	63840.86
  1	132	C	 4079	2.98	6.81e-01	93244.51
  4	135	G	 4063	2.97	7.65e-01	104848.09
  3	 84	A	 4036	2.95	8.76e-01	119945.62
  0	 72	C	 4031	2.94	8.91e-01	122081.67
  1	 99	T	 4029	2.94	8.97e-01	122879.98
  3	 44	A	 4024	2.94	9.11e-01	124739.32
  3	124	G	 4016	2.93	9.30e-01	127326.51
  3	 22	A	 4016	2.93	9.30e-01	127326.51
  0	133	C	 4016	2.93	9.30e-01	127326.51
  0	 91	C	 4015	2.93	9.32e-01	127617.97
  3	 42	C	 4007	2.93	9.47e-01	129711.75
  2	 72	C	 4005	2.92	9.50e-01	130172.50
  4	 75	A	 3986	2.91	9.75e-01	133485.21
  4	 43	T	 3964	2.89	9.89e-01	135522.26
  2	 58	C	 3954	2.89	9.93e-01	136035.62
  3	146	C	 3949	2.88	9.95e-01	136226.37
  0	131	A	 3926	2.87	9.98e-01	136731.43
  2	163	C	 3924	2.86	9.98e-01	136755.47
  0	 12	A	 3921	2.86	9.99e-01	136787.52
  2	166	G	 3920	2.86	9.99e-01	136797.21
  0	160	C	 3898	2.85	1.00e+00	136923.45
  4	 80	T	 3875	2.83	1.00e+00	136963.16
  4	 52	T	 3869	2.82	1.00e+00	136967.30
  4	126	T	 3858	2.82	1.00e+00	136971.84
  0	 49	A	 3847	2.81	1.00e+00	136974.07
  1	 39	C	 3833	2.80	1.00e+00	136975.31
  4	116	T	 3830	2.80	1.00e+00	136975.45
  0	145	C	 3824	2.79	1.00e+00	136975.65
  4	119	T	 3810	2.78	1.00e+00	136975.88
  2	 46	A	 3798	2.77	1.00e+00	136975.96
  2	112	G	 3792	2.77	1.00e+00	136975.97
  2	 45	G	 3780	2.76	1.00e+00	136975.99
  3	 59	T	 3770	2.75	1.00e+00	136976.00
  4	 22	A	 3761	2.75	1.00e+00	136976.00
  4	150	C	 3752	2.74	1.00e+00	136976.00
  1	141	A	 3746	2.73	1.00e+00	136976.00
  4	117	C	 3745	2.73	1.00e+00	136976.00
  0	127	G	 3737	2.73	1.00e+00	136976.00
  4	 47	C	 3732	2.72	1.00e+00	136976.00
  2	 26	A	 3725	2.72	1.00e+00	136976.00
  1	 14	A	 3723	2.72	1.00e+00	136976.00
  1	 26	A	 3721	2.72	1.00e+00	136976.00
  1	 27	C	 3717	2.71	1.00e+00	136976.00
  0	121	G	 3712	2.71	1.00e+00	136976.00
  4	 45	G	 3670	2.68	1.00e+00	136976.00
  4	118	A	 3651	2.67	1.00e+00	136976.00
  1	140	C	 3650	2.66	1.00e+00	136976.00
  3	126	T	 3641	2.66	1.00e+00	136976.00
  4	108	A	 3637	2.66	1.00e+00	136976.00
  0	147	T	 3574	2.61	1.00e+00	136976.00
  1	 90	C	 3567	2.60	1.00e+00	136976.00
  2	146	T	 3564	2.60	1.00e+00	136976.00
  2	116	T	 3563	2.60	1.00e+00	136976.00
  2	121	C	 3559	2.60	1.00e+00	136976.00
  4	 89	C	 3555	2.60	1.00e+00	136976.00
  2	140	T	 3553	2.59	1.00e+00	136976.00
  1	 70	A	 3542	2.59	1.00e+00	136976.00
  1	140	T	 3520	2.57	1.00e+00	136976.00
  2	 83	C	 3515	2.57	1.00e+00	136976.00
  3	 68	A	 3514	2.57	1.00e+00	136976.00
  4	147	T	 3508	2.56	1.00e+00	136976.00
  1	 54	C	 3504	2.56	1.00e+00	136976.00
  2	 42	T	 3501	2.56	1.00e+00	136976.00
  4	139	G	 3498	2.55	1.00e+00	136976.00
  4	149	T	 3497	2.55	1.00e+00	136976.00
  0	124	G	 3493	2.55	1.00e+00	136976.00
  0	 72	A	 3477	2.54	1.00e+00	136976.00
  0	 99	A	 3476	2.54	1.00e+00	136976.00
  4	117	A	 3473	2.54	1.00e+00	136976.00
  2	 91	G	 3468	2.53	1.00e+00	136976.00
  0	108	C	 3463	2.53	1.00e+00	136976.00
  3	 32	A	 3445	2.52	1.00e+00	136976.00
  3	119	T	 3442	2.51	1.00e+00	136976.00
  2	 68	C	 3436	2.51	1.00e+00	136976.00
  0	 57	T	 3416	2.49	1.00e+00	136976.00
  4	124	G	 3411	2.49	1.00e+00	136976.00
  0	148	G	 3407	2.49	1.00e+00	136976.00
  0	 42	T	 3400	2.48	1.00e+00	136976.00
  3	 41	T	 3394	2.48	1.00e+00	136976.00
  2	162	T	 3392	2.48	1.00e+00	136976.00
  4	111	C	 3371	2.46	1.00e+00	136976.00
  1	136	C	 3350	2.45	1.00e+00	136976.00
  2	 28	T	 3337	2.44	1.00e+00	136976.00
  2	112	A	 3315	2.42	1.00e+00	136976.00
  3	 99	A	 3311	2.42	1.00e+00	136976.00
  1	122	A	 3308	2.42	1.00e+00	136976.00
  3	118	A	 3306	2.41	1.00e+00	136976.00
  1	163	G	 3304	2.41	1.00e+00	136976.00
  4	 57	T	 3302	2.41	1.00e+00	136976.00
  0	  8	G	 3294	2.40	1.00e+00	136976.00
  0	 47	T	 3290	2.40	1.00e+00	136976.00
  2	133	A	 3287	2.40	1.00e+00	136976.00
  1	122	T	 3250	2.37	1.00e+00	136976.00
  0	 62	C	 3239	2.36	1.00e+00	136976.00
  0	 50	G	 3238	2.36	1.00e+00	136976.00
  3	 10	C	 3235	2.36	1.00e+00	136976.00
  4	146	C	 3230	2.36	1.00e+00	136976.00
  2	 43	T	 3216	2.35	1.00e+00	136976.00
  3	162	C	 3216	2.35	1.00e+00	136976.00
  1	  9	T	 3200	2.34	1.00e+00	136976.00
  1	 13	G	 3182	2.32	1.00e+00	136976.00
  4	 28	G	 3173	2.32	1.00e+00	136976.00
  2	 49	A	 3168	2.31	1.00e+00	136976.00
  2	132	C	 3155	2.30	1.00e+00	136976.00
  4	 58	C	 3155	2.30	1.00e+00	136976.00
  4	 16	G	 3145	2.30	1.00e+00	136976.00
  4	 64	G	 3131	2.29	1.00e+00	136976.00
  3	 69	T	 3126	2.28	1.00e+00	136976.00
  3	 42	T	 3116	2.27	1.00e+00	136976.00
  3	163	T	 3113	2.27	1.00e+00	136976.00
  3	 27	C	 3097	2.26	1.00e+00	136976.00
  1	 92	C	 3096	2.26	1.00e+00	136976.00
  3	130	C	 3086	2.25	1.00e+00	136976.00
  2	 30	T	 3083	2.25	1.00e+00	136976.00
  1	153	A	 3068	2.24	1.00e+00	136976.00
  4	 97	A	 3064	2.24	1.00e+00	136976.00
  3	 57	T	 3062	2.24	1.00e+00	136976.00
  1	 42	G	 3041	2.22	1.00e+00	136976.00
  2	 21	C	 3038	2.22	1.00e+00	136976.00
  3	136	A	 3032	2.21	1.00e+00	136976.00
  4	156	C	 3027	2.21	1.00e+00	136976.00
  1	 69	G	 3014	2.20	1.00e+00	136976.00
  2	136	A	 3014	2.20	1.00e+00	136976.00
  0	135	T	 3013	2.20	1.00e+00	136976.00
  4	 49	A	 3013	2.20	1.00e+00	136976.00
  2	 39	C	 3011	2.20	1.00e+00	136976.00
  2	103	A	 3010	2.20	1.00e+00	136976.00
  3	 64	G	 3007	2.20	1.00e+00	136976.00
  2	118	C	 2992	2.18	1.00e+00	136976.00
  4	 84	G	 2991	2.18	1.00e+00	136976.00
  4	 66	A	 2990	2.18	1.00e+00	136976.00
  1	 93	G	 2986	2.18	1.00e+00	136976.00
  4	 70	G	 2979	2.17	1.00e+00	136976.00
  0	 41	G	 2977	2.17	1.00e+00	136976.00
  0	 72	G	 2975	2.17	1.00e+00	136976.00
  1	161	T	 2968	2.17	1.00e+00	136976.00
  4	 26	A	 2963	2.16	1.00e+00	136976.00
  0	 61	G	 2950	2.15	1.00e+00	136976.00
  4	 98	A	 2930	2.14	1.00e+00	136976.00
  0	116	T	 2929	2.14	1.00e+00	136976.00
  3	164	T	 2927	2.14	1.00e+00	136976.00
  0	 75	T	 2922	2.13	1.00e+00	136976.00
  3	 42	G	 2906	2.12	1.00e+00	136976.00
  1	142	A	 2903	2.12	1.00e+00	136976.00
  2	 92	A	 2901	2.12	1.00e+00	136976.00
  1	 53	T	 2892	2.11	1.00e+00	136976.00
  1	139	A	 2878	2.10	1.00e+00	136976.00
  1	139	T	 2878	2.10	1.00e+00	136976.00
  1	 53	A	 2876	2.10	1.00e+00	136976.00
  1	 41	T	 2873	2.10	1.00e+00	136976.00
  1	 98	A	 2868	2.09	1.00e+00	136976.00
  2	 37	G	 2865	2.09	1.00e+00	136976.00
  0	100	T	 2864	2.09	1.00e+00	136976.00
  4	 91	C	 2861	2.09	1.00e+00	136976.00
  0	154	T	 2856	2.09	1.00e+00	136976.00
  1	 80	C	 2849	2.08	1.00e+00	136976.00
  2	 69	G	 2848	2.08	1.00e+00	136976.00
  4	141	A	 2836	2.07	1.00e+00	136976.00
  2	117	T	 2830	2.07	1.00e+00	136976.00
  0	  9	G	 2828	2.06	1.00e+00	136976.00
  2	 47	T	 2824	2.06	1.00e+00	136976.00
  4	132	C	 2817	2.06	1.00e+00	136976.00
  0	149	T	 2816	2.06	1.00e+00	136976.00
  2	132	T	 2802	2.05	1.00e+00	136976.00
  1	  8	C	 2796	2.04	1.00e+00	136976.00
  1	 78	G	 2789	2.04	1.00e+00	136976.00
  2	 34	C	 2786	2.03	1.00e+00	136976.00
  2	 80	T	 2768	2.02	1.00e+00	136976.00
  0	 82	A	 2762	2.02	1.00e+00	136976.00
  4	103	G	 2758	2.01	1.00e+00	136976.00
  4	 37	T	 2757	2.01	1.00e+00	136976.00
  4	 40	T	 2751	2.01	1.00e+00	136976.00
  1	142	T	 2740	2.00	1.00e+00	136976.00
  2	 41	T	 2724	1.99	1.00e+00	136976.00
  2	100	T	 2721	1.99	1.00e+00	136976.00
  0	141	C	 2709	1.98	1.00e+00	136976.00
  0	 99	T	 2707	1.98	1.00e+00	136976.00
  0	 68	T	 2700	1.97	1.00e+00	136976.00
  3	100	T	 2699	1.97	1.00e+00	136976.00
  0	 32	G	 2696	1.97	1.00e+00	136976.00
  3	103	A	 2691	1.96	1.00e+00	136976.00
  1	138	T	 2690	1.96	1.00e+00	136976.00
  4	126	A	 2689	1.96	1.00e+00	136976.00
  4	 85	C	 2689	1.96	1.00e+00	136976.00
  3	118	C	 2687	1.96	1.00e+00	136976.00
  2	 15	C	 2686	1.96	1.00e+00	136976.00
  2	161	T	 2683	1.96	1.00e+00	136976.00
  2	116	A	 2682	1.96	1.00e+00	136976.00
  4	146	G	 2680	1.96	1.00e+00	136976.00
  0	 44	C	 2675	1.95	1.00e+00	136976.00
  3	 86	A	 2674	1.95	1.00e+00	136976.00
  3	 21	A	 2671	1.95	1.00e+00	136976.00
  3	 91	C	 2659	1.94	1.00e+00	136976.00
  4	 76	C	 2657	1.94	1.00e+00	136976.00
  4	 22	C	 2653	1.94	1.00e+00	136976.00
  1	 59	C	 2648	1.93	1.00e+00	136976.00
  0	  7	T	 2632	1.92	1.00e+00	136976.00
  0	 67	G	 2621	1.91	1.00e+00	136976.00
  3	 17	T	 2615	1.91	1.00e+00	136976.00
  1	102	A	 2613	1.91	1.00e+00	136976.00
  2	 60	A	 2611	1.91	1.00e+00	136976.00
  0	 86	C	 2610	1.91	1.00e+00	136976.00
  2	 88	T	 2609	1.90	1.00e+00	136976.00
  4	 39	G	 2603	1.90	1.00e+00	136976.00
  3	155	C	 2599	1.90	1.00e+00	136976.00
  3	 30	T	 2597	1.90	1.00e+00	136976.00
  2	141	T	 2588	1.89	1.00e+00	136976.00
  0	 12	T	 2581	1.88	1.00e+00	136976.00
  3	 41	A	 2580	1.88	1.00e+00	136976.00
  2	109	G	 2577	1.88	1.00e+00	136976.00
  4	 33	C	 2577	1.88	1.00e+00	136976.00
  1	126	G	 2565	1.87	1.00e+00	136976.00
  0	 27	G	 2564	1.87	1.00e+00	136976.00
  4	 43	G	 2563	1.87	1.00e+00	136976.00
  4	137	C	 2559	1.87	1.00e+00	136976.00
  0	132	T	 2558	1.87	1.00e+00	136976.00
  2	121	A	 2548	1.86	1.00e+00	136976.00
  4	 96	A	 2539	1.85	1.00e+00	136976.00
  4	 65	G	 2538	1.85	1.00e+00	136976.00
  2	123	A	 2535	1.85	1.00e+00	136976.00
  2	 29	C	 2530	1.85	1.00e+00	136976.00
  1	113	A	 2530	1.85	1.00e+00	136976.00
  4	 30	A	 2529	1.85	1.00e+00	136976.00
  4	 73	C	 2527	1.84	1.00e+00	136976.00
  4	 60	C	 2525	1.84	1.00e+00	136976.00
  2	143	T	 2518	1.84	1.00e+00	136976.00
  3	 53	C	 2515	1.84	1.00e+00	136976.00
  1	123	A	 2503	1.83	1.00e+00	136976.00
  1	  2	T	 2502	1.83	1.00e+00	136976.00
  2	145	C	 2501	1.83	1.00e+00	136976.00
  0	 82	T	 2499	1.82	1.00e+00	136976.00
  4	136	A	 2491	1.82	1.00e+00	136976.00
  1	 34	C	 2485	1.81	1.00e+00	136976.00
  4	133	A	 2484	1.81	1.00e+00	136976.00
  3	 92	G	 2478	1.81	1.00e+00	136976.00
  3	 39	C	 2474	1.81	1.00e+00	136976.00
  2	 58	A	 2470	1.80	1.00e+00	136976.00
  1	 23	A	 2467	1.80	1.00e+00	136976.00
  0	 43	T	 2465	1.80	1.00e+00	136976.00
  4	 38	T	 2460	1.80	1.00e+00	136976.00
  3	 47	C	 2458	1.79	1.00e+00	136976.00
  1	118	A	 2457	1.79	1.00e+00	136976.00
  0	 37	G	 2454	1.79	1.00e+00	136976.00
  0	 16	A	 2450	1.79	1.00e+00	136976.00
  2	 41	C	 2447	1.79	1.00e+00	136976.00
  2	 18	T	 2447	1.79	1.00e+00	136976.00
  4	 46	A	 2442	1.78	1.00e+00	136976.00
  0	 33	C	 2440	1.78	1.00e+00	136976.00
  4	105	A	 2438	1.78	1.00e+00	136976.00
  4	 76	A	 2438	1.78	1.00e+00	136976.00
  1	125	A	 2435	1.78	1.00e+00	136976.00
  3	 89	C	 2426	1.77	1.00e+00	136976.00
  0	 79	G	 2418	1.77	1.00e+00	136976.00
  2	 56	T	 2417	1.76	1.00e+00	136976.00
  1	105	A	 2416	1.76	1.00e+00	136976.00
  2	131	T	 2416	1.76	1.00e+00	136976.00
  2	140	A	 2414	1.76	1.00e+00	136976.00
  1	 42	T	 2407	1.76	1.00e+00	136976.00
  2	 20	C	 2407	1.76	1.00e+00	136976.00
  2	 57	T	 2406	1.76	1.00e+00	136976.00
  4	132	A	 2396	1.75	1.00e+00	136976.00
  3	 97	A	 2394	1.75	1.00e+00	136976.00
  1	 74	C	 2388	1.74	1.00e+00	136976.00
  4	145	G	 2387	1.74	1.00e+00	136976.00
  4	 61	G	 2383	1.74	1.00e+00	136976.00
  1	 55	A	 2383	1.74	1.00e+00	136976.00
  3	153	T	 2381	1.74	1.00e+00	136976.00
  2	 69	T	 2380	1.74	1.00e+00	136976.00
  1	 83	T	 2371	1.73	1.00e+00	136976.00
  3	 61	G	 2371	1.73	1.00e+00	136976.00
  3	 75	A	 2366	1.73	1.00e+00	136976.00
  1	 40	T	 2364	1.73	1.00e+00	136976.00
  0	131	G	 2351	1.72	1.00e+00	136976.00
  1	 85	C	 2351	1.72	1.00e+00	136976.00
  2	  9	T	 2351	1.72	1.00e+00	136976.00
  3	 79	G	 2344	1.71	1.00e+00	136976.00
  1	 79	T	 2340	1.71	1.00e+00	136976.00
  0	 84	A	 2323	1.70	1.00e+00	136976.00
  0	 47	G	 2320	1.69	1.00e+00	136976.00
  0	122	A	 2320	1.69	1.00e+00	136976.00
  0	103	A	 2316	1.69	1.00e+00	136976.00
  0	100	A	 2307	1.68	1.00e+00	136976.00
  4	142	T	 2304	1.68	1.00e+00	136976.00
  3	 80	T	 2298	1.68	1.00e+00	136976.00
  4	130	G	 2293	1.67	1.00e+00	136976.00
  1	139	G	 2290	1.67	1.00e+00	136976.00
  0	113	T	 2288	1.67	1.00e+00	136976.00
  4	 86	C	 2281	1.67	1.00e+00	136976.00
  1	119	A	 2274	1.66	1.00e+00	136976.00
  1	133	C	 2269	1.66	1.00e+00	136976.00
  2	 51	G	 2263	1.65	1.00e+00	136976.00
  2	 92	T	 2263	1.65	1.00e+00	136976.00
  0	 42	G	 2256	1.65	1.00e+00	136976.00
  3	 76	A	 2254	1.65	1.00e+00	136976.00
  1	112	T	 2249	1.64	1.00e+00	136976.00
  2	 21	A	 2246	1.64	1.00e+00	136976.00
  4	116	A	 2240	1.64	1.00e+00	136976.00
  2	161	G	 2237	1.63	1.00e+00	136976.00
  2	 65	A	 2236	1.63	1.00e+00	136976.00
  1	 43	T	 2236	1.63	1.00e+00	136976.00
  4	 50	G	 2227	1.63	1.00e+00	136976.00
  1	 63	C	 2225	1.62	1.00e+00	136976.00
  0	 28	C	 2218	1.62	1.00e+00	136976.00
  0	 26	G	 2210	1.61	1.00e+00	136976.00
  2	 68	A	 2208	1.61	1.00e+00	136976.00
  0	 60	C	 2205	1.61	1.00e+00	136976.00
  0	141	T	 2205	1.61	1.00e+00	136976.00
  0	 31	A	 2203	1.61	1.00e+00	136976.00
  3	 56	T	 2200	1.61	1.00e+00	136976.00
  0	 56	T	 2199	1.61	1.00e+00	136976.00
  2	113	A	 2197	1.60	1.00e+00	136976.00
  3	 88	C	 2186	1.60	1.00e+00	136976.00
  2	103	T	 2185	1.60	1.00e+00	136976.00
  2	131	G	 2184	1.59	1.00e+00	136976.00
  2	 50	G	 2184	1.59	1.00e+00	136976.00
  1	 65	T	 2180	1.59	1.00e+00	136976.00
  1	104	A	 2178	1.59	1.00e+00	136976.00
  1	142	C	 2177	1.59	1.00e+00	136976.00
  3	102	T	 2176	1.59	1.00e+00	136976.00
  3	 31	A	 2175	1.59	1.00e+00	136976.00
  3	129	C	 2174	1.59	1.00e+00	136976.00
  1	137	T	 2170	1.58	1.00e+00	136976.00
  2	106	A	 2170	1.58	1.00e+00	136976.00
  4	 21	A	 2169	1.58	1.00e+00	136976.00
  3	 71	A	 2167	1.58	1.00e+00	136976.00
  4	163	T	 2166	1.58	1.00e+00	136976.00
  0	114	A	 2166	1.58	1.00e+00	136976.00
  0	138	G	 2164	1.58	1.00e+00	136976.00
  2	105	A	 2160	1.58	1.00e+00	136976.00
  2	128	C	 2160	1.58	1.00e+00	136976.00
  0	106	A	 2158	1.58	1.00e+00	136976.00
  3	 64	A	 2156	1.57	1.00e+00	136976.00
  1	 58	A	 2153	1.57	1.00e+00	136976.00
  4	125	A	 2150	1.57	1.00e+00	136976.00
  0	125	A	 2146	1.57	1.00e+00	136976.00
  4	 99	C	 2143	1.56	1.00e+00	136976.00
  4	 98	C	 2140	1.56	1.00e+00	136976.00
  1	 43	G	 2137	1.56	1.00e+00	136976.00
  1	163	T	 2131	1.56	1.00e+00	136976.00
  3	 14	G	 2127	1.55	1.00e+00	136976.00
  4	122	G	 2124	1.55	1.00e+00	136976.00
  1	134	A	 2123	1.55	1.00e+00	136976.00
  2	 55	C	 2122	1.55	1.00e+00	136976.00
  4	 27	G	 2114	1.54	1.00e+00	136976.00
  1	125	T	 2112	1.54	1.00e+00	136976.00
  0	158	G	 2108	1.54	1.00e+00	136976.00
  0	 78	G	 2107	1.54	1.00e+00	136976.00
  4	115	T	 2104	1.54	1.00e+00	136976.00
  1	 55	G	 2099	1.53	1.00e+00	136976.00
  0	 81	T	 2099	1.53	1.00e+00	136976.00
  3	 74	T	 2095	1.53	1.00e+00	136976.00
  3	  9	T	 2091	1.53	1.00e+00	136976.00
  1	 55	C	 2090	1.53	1.00e+00	136976.00
  0	 51	G	 2090	1.53	1.00e+00	136976.00
  2	 30	C	 2089	1.53	1.00e+00	136976.00
  0	 70	T	 2085	1.52	1.00e+00	136976.00
  3	 26	A	 2084	1.52	1.00e+00	136976.00
  0	 63	G	 2081	1.52	1.00e+00	136976.00
  2	114	A	 2076	1.52	1.00e+00	136976.00
  2	102	G	 2071	1.51	1.00e+00	136976.00
  0	  5	C	 2070	1.51	1.00e+00	136976.00
  0	 90	A	 2070	1.51	1.00e+00	136976.00
  1	116	T	 2067	1.51	1.00e+00	136976.00
  3	131	A	 2066	1.51	1.00e+00	136976.00
  4	155	T	 2061	1.50	1.00e+00	136976.00
  4	 62	A	 2051	1.50	1.00e+00	136976.00
  1	137	G	 2047	1.49	1.00e+00	136976.00
  3	 49	A	 2040	1.49	1.00e+00	136976.00
  4	 37	G	 2037	1.49	1.00e+00	136976.00
  2	 81	C	 2036	1.49	1.00e+00	136976.00
  4	151	A	 2036	1.49	1.00e+00	136976.00
  3	100	A	 2029	1.48	1.00e+00	136976.00
  1	 84	C	 2025	1.48	1.00e+00	136976.00
  3	 93	T	 2024	1.48	1.00e+00	136976.00
  2	126	C	 2019	1.47	1.00e+00	136976.00
  2	125	G	 2014	1.47	1.00e+00	136976.00
  1	  7	A	 2012	1.47	1.00e+00	136976.00
  0	 10	A	 2011	1.47	1.00e+00	136976.00
  3	106	A	 2011	1.47	1.00e+00	136976.00
  3	 76	C	 2009	1.47	1.00e+00	136976.00
  2	122	C	 2004	1.46	1.00e+00	136976.00
  2	135	A	 2002	1.46	1.00e+00	136976.00
  3	 30	A	 2001	1.46	1.00e+00	136976.00
  1	 50	G	 1998	1.46	1.00e+00	136976.00
  0	 69	G	 1998	1.46	1.00e+00	136976.00
  3	135	A	 1995	1.46	1.00e+00	136976.00
  1	118	T	 1992	1.45	1.00e+00	136976.00
  1	141	T	 1991	1.45	1.00e+00	136976.00
  2	124	G	 1991	1.45	1.00e+00	136976.00
  3	128	T	 1990	1.45	1.00e+00	136976.00
  0	139	T	 1983	1.45	1.00e+00	136976.00
  4	101	C	 1982	1.45	1.00e+00	136976.00
  3	130	A	 1980	1.45	1.00e+00	136976.00
  1	 99	G	 1977	1.44	1.00e+00	136976.00
  2	 93	A	 1976	1.44	1.00e+00	136976.00
  0	 31	T	 1969	1.44	1.00e+00	136976.00
  2	 77	G	 1969	1.44	1.00e+00	136976.00
  0	 22	A	 1968	1.44	1.00e+00	136976.00
  1	 54	A	 1964	1.43	1.00e+00	136976.00
  2	 22	C	 1964	1.43	1.00e+00	136976.00
  4	 23	A	 1963	1.43	1.00e+00	136976.00
  4	113	C	 1962	1.43	1.00e+00	136976.00
  0	131	T	 1961	1.43	1.00e+00	136976.00
  2	121	T	 1961	1.43	1.00e+00	136976.00
  1	131	G	 1960	1.43	1.00e+00	136976.00
  4	 63	G	 1959	1.43	1.00e+00	136976.00
  3	135	T	 1957	1.43	1.00e+00	136976.00
  4	118	C	 1951	1.42	1.00e+00	136976.00
  1	 27	G	 1951	1.42	1.00e+00	136976.00
  0	116	A	 1949	1.42	1.00e+00	136976.00
  4	 72	T	 1942	1.42	1.00e+00	136976.00
  3	 13	G	 1940	1.42	1.00e+00	136976.00
  0	156	A	 1940	1.42	1.00e+00	136976.00
  4	109	G	 1937	1.41	1.00e+00	136976.00
  0	 84	T	 1924	1.40	1.00e+00	136976.00
  1	 97	C	 1924	1.40	1.00e+00	136976.00
  2	100	A	 1920	1.40	1.00e+00	136976.00
  4	 29	G	 1918	1.40	1.00e+00	136976.00
  1	121	A	 1917	1.40	1.00e+00	136976.00
  3	 81	T	 1916	1.40	1.00e+00	136976.00
  3	 54	C	 1909	1.39	1.00e+00	136976.00
  0	100	G	 1908	1.39	1.00e+00	136976.00
  4	 95	G	 1904	1.39	1.00e+00	136976.00
  4	 19	C	 1903	1.39	1.00e+00	136976.00
  1	112	A	 1903	1.39	1.00e+00	136976.00
  3	129	A	 1901	1.39	1.00e+00	136976.00
  1	 30	A	 1896	1.38	1.00e+00	136976.00
  4	 46	T	 1896	1.38	1.00e+00	136976.00
  4	103	C	 1894	1.38	1.00e+00	136976.00
  0	133	A	 1893	1.38	1.00e+00	136976.00
  3	 61	C	 1891	1.38	1.00e+00	136976.00
  4	 17	T	 1888	1.38	1.00e+00	136976.00
  4	161	G	 1886	1.38	1.00e+00	136976.00
  4	 15	C	 1867	1.36	1.00e+00	136976.00
  2	150	C	 1859	1.36	1.00e+00	136976.00
  4	 56	T	 1858	1.36	1.00e+00	136976.00
  3	 62	A	 1858	1.36	1.00e+00	136976.00
  2	161	C	 1854	1.35	1.00e+00	136976.00
  3	133	A	 1851	1.35	1.00e+00	136976.00
  1	 56	C	 1837	1.34	1.00e+00	136976.00
  3	 98	A	 1835	1.34	1.00e+00	136976.00
  2	154	T	 1834	1.34	1.00e+00	136976.00
  3	141	A	 1831	1.34	1.00e+00	136976.00
  4	 84	T	 1830	1.34	1.00e+00	136976.00
  0	  8	T	 1829	1.34	1.00e+00	136976.00
  0	 30	A	 1825	1.33	1.00e+00	136976.00
  4	 92	G	 1825	1.33	1.00e+00	136976.00
  4	 50	T	 1822	1.33	1.00e+00	136976.00
  3	 22	G	 1822	1.33	1.00e+00	136976.00
  4	131	T	 1819	1.33	1.00e+00	136976.00
  1	136	G	 1811	1.32	1.00e+00	136976.00
  1	164	A	 1809	1.32	1.00e+00	136976.00
  4	113	T	 1806	1.32	1.00e+00	136976.00
  4	 93	A	 1806	1.32	1.00e+00	136976.00
  2	 38	T	 1805	1.32	1.00e+00	136976.00
  3	 69	G	 1800	1.31	1.00e+00	136976.00
  4	 41	C	 1796	1.31	1.00e+00	136976.00
  3	 38	A	 1793	1.31	1.00e+00	136976.00
  1	117	G	 1790	1.31	1.00e+00	136976.00
  0	 21	A	 1790	1.31	1.00e+00	136976.00
  3	115	G	 1790	1.31	1.00e+00	136976.00
  0	 16	G	 1790	1.31	1.00e+00	136976.00
  1	101	G	 1785	1.30	1.00e+00	136976.00
  2	154	G	 1783	1.30	1.00e+00	136976.00
  1	131	A	 1782	1.30	1.00e+00	136976.00
  2	 14	A	 1782	1.30	1.00e+00	136976.00
  3	 90	G	 1780	1.30	1.00e+00	136976.00
  1	 21	C	 1779	1.30	1.00e+00	136976.00
  1	 65	A	 1778	1.30	1.00e+00	136976.00
  0	 30	T	 1778	1.30	1.00e+00	136976.00
  0	130	G	 1774	1.30	1.00e+00	136976.00
  3	160	G	 1769	1.29	1.00e+00	136976.00
  3	134	A	 1769	1.29	1.00e+00	136976.00
  2	 61	C	 1769	1.29	1.00e+00	136976.00
  2	108	G	 1764	1.29	1.00e+00	136976.00
  3	 95	G	 1762	1.29	1.00e+00	136976.00
  3	 16	T	 1761	1.29	1.00e+00	136976.00
  1	 71	A	 1761	1.29	1.00e+00	136976.00
  1	 71	T	 1760	1.28	1.00e+00	136976.00
  2	 23	C	 1758	1.28	1.00e+00	136976.00
  1	 21	A	 1757	1.28	1.00e+00	136976.00
  2	126	A	 1754	1.28	1.00e+00	136976.00
  1	 13	T	 1754	1.28	1.00e+00	136976.00
  1	 41	G	 1752	1.28	1.00e+00	136976.00
  2	 40	T	 1751	1.28	1.00e+00	136976.00
  2	118	A	 1751	1.28	1.00e+00	136976.00
  0	143	T	 1748	1.28	1.00e+00	136976.00
  3	 70	G	 1747	1.28	1.00e+00	136976.00
  1	 91	G	 1746	1.27	1.00e+00	136976.00
  2	143	C	 1746	1.27	1.00e+00	136976.00
  1	105	C	 1742	1.27	1.00e+00	136976.00
  1	 15	A	 1739	1.27	1.00e+00	136976.00
  2	  7	C	 1739	1.27	1.00e+00	136976.00
  0	 85	C	 1737	1.27	1.00e+00	136976.00
  4	 59	G	 1736	1.27	1.00e+00	136976.00
  1	126	T	 1736	1.27	1.00e+00	136976.00
  3	126	A	 1735	1.27	1.00e+00	136976.00
  2	144	C	 1734	1.27	1.00e+00	136976.00
  3	 35	T	 1734	1.27	1.00e+00	136976.00
  0	 98	C	 1734	1.27	1.00e+00	136976.00
  4	 51	G	 1728	1.26	1.00e+00	136976.00
  0	 73	C	 1727	1.26	1.00e+00	136976.00
  1	 88	G	 1726	1.26	1.00e+00	136976.00
  0	146	G	 1724	1.26	1.00e+00	136976.00
  0	 97	A	 1720	1.26	1.00e+00	136976.00
  4	118	T	 1714	1.25	1.00e+00	136976.00
  2	 43	G	 1712	1.25	1.00e+00	136976.00
  4	 72	A	 1709	1.25	1.00e+00	136976.00
  3	 23	C	 1709	1.25	1.00e+00	136976.00
  0	142	T	 1706	1.25	1.00e+00	136976.00
  1	 61	T	 1706	1.25	1.00e+00	136976.00
  2	 71	T	 1705	1.24	1.00e+00	136976.00
  1	 41	C	 1702	1.24	1.00e+00	136976.00
  4	152	T	 1700	1.24	1.00e+00	136976.00
  4	 99	T	 1699	1.24	1.00e+00	136976.00
  2	 76	A	 1697	1.24	1.00e+00	136976.00
  2	 73	C	 1697	1.24	1.00e+00	136976.00
  1	 30	T	 1695	1.24	1.00e+00	136976.00
  1	 57	A	 1695	1.24	1.00e+00	136976.00
  4	 35	A	 1694	1.24	1.00e+00	136976.00
  3	 84	T	 1693	1.24	1.00e+00	136976.00
  4	 42	A	 1692	1.24	1.00e+00	136976.00
  4	 32	T	 1690	1.23	1.00e+00	136976.00
  3	114	A	 1683	1.23	1.00e+00	136976.00
  0	  8	A	 1681	1.23	1.00e+00	136976.00
  1	123	G	 1680	1.23	1.00e+00	136976.00
  1	 48	G	 1679	1.23	1.00e+00	136976.00
  3	137	G	 1674	1.22	1.00e+00	136976.00
  2	 95	C	 1672	1.22	1.00e+00	136976.00
  0	 57	G	 1672	1.22	1.00e+00	136976.00
  2	 12	G	 1668	1.22	1.00e+00	136976.00
  0	140	G	 1667	1.22	1.00e+00	136976.00
  2	130	C	 1667	1.22	1.00e+00	136976.00
  1	 75	G	 1666	1.22	1.00e+00	136976.00
  2	100	G	 1659	1.21	1.00e+00	136976.00
  2	142	A	 1658	1.21	1.00e+00	136976.00
  2	 82	T	 1657	1.21	1.00e+00	136976.00
  0	152	T	 1651	1.21	1.00e+00	136976.00
  1	109	C	 1651	1.21	1.00e+00	136976.00
  1	 46	A	 1649	1.20	1.00e+00	136976.00
  2	 98	C	 1646	1.20	1.00e+00	136976.00
  3	151	T	 1645	1.20	1.00e+00	136976.00
  3	 82	T	 1645	1.20	1.00e+00	136976.00
  2	 42	G	 1643	1.20	1.00e+00	136976.00
  3	140	G	 1637	1.20	1.00e+00	136976.00
  0	 76	T	 1635	1.19	1.00e+00	136976.00
  4	 32	G	 1627	1.19	1.00e+00	136976.00
  3	 50	G	 1622	1.18	1.00e+00	136976.00
  3	122	G	 1619	1.18	1.00e+00	136976.00
  3	133	T	 1617	1.18	1.00e+00	136976.00
  3	103	T	 1615	1.18	1.00e+00	136976.00
  3	 62	C	 1612	1.18	1.00e+00	136976.00
  3	 81	A	 1610	1.18	1.00e+00	136976.00
  0	118	A	 1603	1.17	1.00e+00	136976.00
  1	123	C	 1598	1.17	1.00e+00	136976.00
  0	123	A	 1597	1.17	1.00e+00	136976.00
  3	152	T	 1594	1.16	1.00e+00	136976.00
  4	 74	A	 1590	1.16	1.00e+00	136976.00
  1	121	C	 1589	1.16	1.00e+00	136976.00
  2	108	C	 1586	1.16	1.00e+00	136976.00
  0	 92	G	 1586	1.16	1.00e+00	136976.00
  4	 21	T	 1580	1.15	1.00e+00	136976.00
  4	 40	G	 1576	1.15	1.00e+00	136976.00
  1	 56	T	 1574	1.15	1.00e+00	136976.00
  1	 89	A	 1565	1.14	1.00e+00	136976.00
  2	 87	C	 1563	1.14	1.00e+00	136976.00
  4	  8	G	 1562	1.14	1.00e+00	136976.00
  2	 66	A	 1558	1.14	1.00e+00	136976.00
  0	 38	A	 1553	1.13	1.00e+00	136976.00
  4	 88	C	 1548	1.13	1.00e+00	136976.00
  4	 82	C	 1547	1.13	1.00e+00	136976.00
  3	 43	T	 1547	1.13	1.00e+00	136976.00
  4	 49	C	 1546	1.13	1.00e+00	136976.00
  3	 37	G	 1543	1.13	1.00e+00	136976.00
  0	153	T	 1542	1.13	1.00e+00	136976.00
  1	114	G	 1542	1.13	1.00e+00	136976.00
  3	 65	T	 1542	1.13	1.00e+00	136976.00
  2	 89	C	 1541	1.13	1.00e+00	136976.00
  3	 70	T	 1539	1.12	1.00e+00	136976.00
  0	 66	T	 1537	1.12	1.00e+00	136976.00
  2	 80	A	 1536	1.12	1.00e+00	136976.00
  2	 70	C	 1534	1.12	1.00e+00	136976.00
  2	 23	A	 1532	1.12	1.00e+00	136976.00
  0	 38	T	 1526	1.11	1.00e+00	136976.00
  0	137	G	 1520	1.11	1.00e+00	136976.00
  4	 51	T	 1519	1.11	1.00e+00	136976.00
  0	 74	C	 1518	1.11	1.00e+00	136976.00
  1	158	G	 1518	1.11	1.00e+00	136976.00
  3	110	C	 1515	1.11	1.00e+00	136976.00
  4	 13	G	 1514	1.11	1.00e+00	136976.00
  4	 89	G	 1514	1.11	1.00e+00	136976.00
  0	102	G	 1512	1.10	1.00e+00	136976.00
  2	 52	A	 1510	1.10	1.00e+00	136976.00
  3	144	T	 1510	1.10	1.00e+00	136976.00
  2	 35	T	 1509	1.10	1.00e+00	136976.00
  3	 55	C	 1503	1.10	1.00e+00	136976.00
  1	 49	A	 1498	1.09	1.00e+00	136976.00
  1	 16	G	 1496	1.09	1.00e+00	136976.00
  0	159	A	 1495	1.09	1.00e+00	136976.00
  4	 93	C	 1494	1.09	1.00e+00	136976.00
  4	105	T	 1493	1.09	1.00e+00	136976.00
  0	 23	A	 1492	1.09	1.00e+00	136976.00
  0	 54	C	 1489	1.09	1.00e+00	136976.00
  2	 69	A	 1486	1.08	1.00e+00	136976.00
  0	 45	G	 1483	1.08	1.00e+00	136976.00
  3	149	C	 1482	1.08	1.00e+00	136976.00
  0	150	A	 1481	1.08	1.00e+00	136976.00
  0	110	C	 1479	1.08	1.00e+00	136976.00
  1	 62	T	 1479	1.08	1.00e+00	136976.00
  1	152	G	 1478	1.08	1.00e+00	136976.00
  4	 97	T	 1476	1.08	1.00e+00	136976.00
  3	148	T	 1475	1.08	1.00e+00	136976.00
  1	 52	T	 1474	1.08	1.00e+00	136976.00
  1	151	T	 1473	1.08	1.00e+00	136976.00
  3	 33	C	 1473	1.08	1.00e+00	136976.00
  2	 27	T	 1467	1.07	1.00e+00	136976.00
  0	 46	A	 1459	1.07	1.00e+00	136976.00
  2	104	C	 1459	1.07	1.00e+00	136976.00
  0	132	C	 1459	1.07	1.00e+00	136976.00
  4	101	A	 1457	1.06	1.00e+00	136976.00
  3	160	C	 1457	1.06	1.00e+00	136976.00
  4	 71	T	 1454	1.06	1.00e+00	136976.00
  3	125	A	 1453	1.06	1.00e+00	136976.00
  3	 21	T	 1452	1.06	1.00e+00	136976.00
  0	 39	A	 1452	1.06	1.00e+00	136976.00
  3	 75	C	 1450	1.06	1.00e+00	136976.00
  3	 51	G	 1445	1.05	1.00e+00	136976.00
  2	 79	C	 1443	1.05	1.00e+00	136976.00
  2	 11	G	 1442	1.05	1.00e+00	136976.00
  0	 14	G	 1439	1.05	1.00e+00	136976.00
  4	 31	A	 1439	1.05	1.00e+00	136976.00
  0	 35	A	 1438	1.05	1.00e+00	136976.00
  4	 16	C	 1435	1.05	1.00e+00	136976.00
  4	151	G	 1433	1.05	1.00e+00	136976.00
  2	 57	A	 1430	1.04	1.00e+00	136976.00
  0	 28	G	 1429	1.04	1.00e+00	136976.00
  0	133	G	 1425	1.04	1.00e+00	136976.00
  2	 46	T	 1424	1.04	1.00e+00	136976.00
  1	111	A	 1423	1.04	1.00e+00	136976.00
  0	 59	C	 1421	1.04	1.00e+00	136976.00
  2	162	A	 1415	1.03	1.00e+00	136976.00
  3	142	A	 1411	1.03	1.00e+00	136976.00
  0	113	A	 1407	1.03	1.00e+00	136976.00
  0	 26	T	 1402	1.02	1.00e+00	136976.00
  3	161	T	 1400	1.02	1.00e+00	136976.00
  2	138	G	 1399	1.02	1.00e+00	136976.00
  4	 41	G	 1399	1.02	1.00e+00	136976.00
  0	 44	A	 1399	1.02	1.00e+00	136976.00
  4	  9	T	 1395	1.02	1.00e+00	136976.00
  3	 78	G	 1394	1.02	1.00e+00	136976.00
  1	 73	C	 1393	1.02	1.00e+00	136976.00
  4	106	C	 1390	1.01	1.00e+00	136976.00
  2	 54	G	 1390	1.01	1.00e+00	136976.00
  1	138	C	 1388	1.01	1.00e+00	136976.00
  0	123	C	 1386	1.01	1.00e+00	136976.00
  2	141	C	 1386	1.01	1.00e+00	136976.00
  4	133	C	 1385	1.01	1.00e+00	136976.00
  0	142	A	 1384	1.01	1.00e+00	136976.00
  1	 90	G	 1381	1.01	1.00e+00	136976.00
  2	112	C	 1380	1.01	1.00e+00	136976.00
  2	 79	T	 1378	1.01	1.00e+00	136976.00
  3	 85	A	 1375	1.00	1.00e+00	136976.00
  4	140	T	 1374	1.00	1.00e+00	136976.00
  1	 75	A	 1372	1.00	1.00e+00	136976.00
  2	129	C	 1367	1.00	1.00e+00	136976.00
  3	 36	A	 1367	1.00	1.00e+00	136976.00
  3	 66	A	 1364	1.00	1.00e+00	136976.00
  0	 98	A	 1360	0.99	1.00e+00	136976.00
  4	 28	C	 1360	0.99	1.00e+00	136976.00
  4	 26	C	 1355	0.99	1.00e+00	136976.00
  1	 62	G	 1353	0.99	1.00e+00	136976.00
  4	130	T	 1346	0.98	1.00e+00	136976.00
  2	101	G	 1346	0.98	1.00e+00	136976.00
  4	148	G	 1341	0.98	1.00e+00	136976.00
  2	133	G	 1340	0.98	1.00e+00	136976.00
  0	 80	T	 1340	0.98	1.00e+00	136976.00
  4	 77	G	 1339	0.98	1.00e+00	136976.00
  1	 35	T	 1339	0.98	1.00e+00	136976.00
  3	143	G	 1339	0.98	1.00e+00	136976.00
  0	 93	A	 1334	0.97	1.00e+00	136976.00
  4	 64	C	 1331	0.97	1.00e+00	136976.00
  3	 98	C	 1329	0.97	1.00e+00	136976.00
  0	 41	T	 1329	0.97	1.00e+00	136976.00
  1	146	G	 1328	0.97	1.00e+00	136976.00
  4	149	A	 1326	0.97	1.00e+00	136976.00
  0	154	A	 1324	0.97	1.00e+00	136976.00
  4	 44	A	 1323	0.97	1.00e+00	136976.00
  4	 31	G	 1321	0.96	1.00e+00	136976.00
  3	 91	A	 1319	0.96	1.00e+00	136976.00
  1	122	C	 1319	0.96	1.00e+00	136976.00
  4	127	A	 1319	0.96	1.00e+00	136976.00
  1	120	C	 1318	0.96	1.00e+00	136976.00
  1	144	G	 1315	0.96	1.00e+00	136976.00
  1	 72	G	 1315	0.96	1.00e+00	136976.00
  0	 79	C	 1315	0.96	1.00e+00	136976.00
  1	132	G	 1315	0.96	1.00e+00	136976.00
  1	 73	G	 1314	0.96	1.00e+00	136976.00
  1	 96	T	 1309	0.96	1.00e+00	136976.00
  0	 18	C	 1308	0.95	1.00e+00	136976.00
  3	 73	C	 1305	0.95	1.00e+00	136976.00
  2	 70	G	 1302	0.95	1.00e+00	136976.00
  4	 90	A	 1301	0.95	1.00e+00	136976.00
  2	130	G	 1300	0.95	1.00e+00	136976.00
  3	 36	T	 1298	0.95	1.00e+00	136976.00
  3	138	G	 1297	0.95	1.00e+00	136976.00
  2	114	T	 1297	0.95	1.00e+00	136976.00
  0	134	G	 1296	0.95	1.00e+00	136976.00
  4	138	G	 1294	0.94	1.00e+00	136976.00
  4	133	T	 1293	0.94	1.00e+00	136976.00
  0	 23	C	 1293	0.94	1.00e+00	136976.00
  3	 21	C	 1293	0.94	1.00e+00	136976.00
  1	102	T	 1292	0.94	1.00e+00	136976.00
  3	 85	C	 1291	0.94	1.00e+00	136976.00
  2	 79	G	 1290	0.94	1.00e+00	136976.00
  3	 34	C	 1290	0.94	1.00e+00	136976.00
  0	114	T	 1289	0.94	1.00e+00	136976.00
  4	 24	T	 1289	0.94	1.00e+00	136976.00
  3	 93	A	 1287	0.94	1.00e+00	136976.00
  3	 63	G	 1287	0.94	1.00e+00	136976.00
  2	 41	G	 1285	0.94	1.00e+00	136976.00
  4	151	C	 1284	0.94	1.00e+00	136976.00
  0	150	C	 1282	0.94	1.00e+00	136976.00
  1	160	A	 1279	0.93	1.00e+00	136976.00
  2	 59	C	 1277	0.93	1.00e+00	136976.00
  0	 99	C	 1275	0.93	1.00e+00	136976.00
  1	 51	G	 1273	0.93	1.00e+00	136976.00
  3	122	C	 1273	0.93	1.00e+00	136976.00
  1	 60	C	 1271	0.93	1.00e+00	136976.00
  4	131	A	 1266	0.92	1.00e+00	136976.00
  1	 17	T	 1265	0.92	1.00e+00	136976.00
  0	  7	G	 1261	0.92	1.00e+00	136976.00
  2	 51	T	 1260	0.92	1.00e+00	136976.00
  1	 97	A	 1257	0.92	1.00e+00	136976.00
  1	112	C	 1253	0.91	1.00e+00	136976.00
  3	 22	C	 1252	0.91	1.00e+00	136976.00
  0	 97	T	 1250	0.91	1.00e+00	136976.00
  1	124	T	 1250	0.91	1.00e+00	136976.00
  4	142	A	 1249	0.91	1.00e+00	136976.00
  3	 41	G	 1246	0.91	1.00e+00	136976.00
  0	119	T	 1244	0.91	1.00e+00	136976.00
  0	 48	C	 1243	0.91	1.00e+00	136976.00
  4	 71	A	 1241	0.91	1.00e+00	136976.00
  0	125	T	 1241	0.91	1.00e+00	136976.00
  4	162	T	 1239	0.90	1.00e+00	136976.00
  4	 21	C	 1238	0.90	1.00e+00	136976.00
  0	 95	G	 1236	0.90	1.00e+00	136976.00
  4	157	C	 1234	0.90	1.00e+00	136976.00
  0	 32	T	 1233	0.90	1.00e+00	136976.00
  4	  7	C	 1230	0.90	1.00e+00	136976.00
  1	 68	A	 1229	0.90	1.00e+00	136976.00
  3	 40	C	 1226	0.90	1.00e+00	136976.00
  2	 52	G	 1226	0.90	1.00e+00	136976.00
  2	 85	C	 1226	0.90	1.00e+00	136976.00
  1	 40	G	 1225	0.89	1.00e+00	136976.00
  3	132	T	 1224	0.89	1.00e+00	136976.00
  2	 10	A	 1222	0.89	1.00e+00	136976.00
  3	 33	A	 1221	0.89	1.00e+00	136976.00
  1	 75	T	 1217	0.89	1.00e+00	136976.00
  3	 99	C	 1216	0.89	1.00e+00	136976.00
  1	148	T	 1215	0.89	1.00e+00	136976.00
  2	 48	A	 1215	0.89	1.00e+00	136976.00
  0	147	G	 1213	0.89	1.00e+00	136976.00
  1	 67	C	 1213	0.89	1.00e+00	136976.00
  0	 15	C	 1212	0.88	1.00e+00	136976.00
  3	140	T	 1209	0.88	1.00e+00	136976.00
  2	152	T	 1209	0.88	1.00e+00	136976.00
  2	 99	C	 1208	0.88	1.00e+00	136976.00
  4	152	A	 1207	0.88	1.00e+00	136976.00
  4	 55	C	 1206	0.88	1.00e+00	136976.00
  4	 35	G	 1206	0.88	1.00e+00	136976.00
  2	 86	C	 1205	0.88	1.00e+00	136976.00
  3	 83	C	 1205	0.88	1.00e+00	136976.00
  1	115	A	 1205	0.88	1.00e+00	136976.00
  4	106	A	 1205	0.88	1.00e+00	136976.00
  3	108	G	 1204	0.88	1.00e+00	136976.00
  1	127	T	 1204	0.88	1.00e+00	136976.00
  0	127	T	 1203	0.88	1.00e+00	136976.00
  0	 55	C	 1200	0.88	1.00e+00	136976.00
  3	148	A	 1197	0.87	1.00e+00	136976.00
  4	 82	G	 1196	0.87	1.00e+00	136976.00
  3	159	G	 1193	0.87	1.00e+00	136976.00
  3	 23	T	 1190	0.87	1.00e+00	136976.00
  4	163	A	 1189	0.87	1.00e+00	136976.00
  2	  8	G	 1188	0.87	1.00e+00	136976.00
  4	111	G	 1186	0.87	1.00e+00	136976.00
  1	 66	C	 1186	0.87	1.00e+00	136976.00
  1	114	T	 1186	0.87	1.00e+00	136976.00
  0	 25	C	 1184	0.86	1.00e+00	136976.00
  3	152	C	 1183	0.86	1.00e+00	136976.00
  0	 83	G	 1180	0.86	1.00e+00	136976.00
  1	 19	C	 1176	0.86	1.00e+00	136976.00
  4	 73	A	 1176	0.86	1.00e+00	136976.00
  0	128	C	 1175	0.86	1.00e+00	136976.00
  1	 77	G	 1173	0.86	1.00e+00	136976.00
  2	110	A	 1172	0.86	1.00e+00	136976.00
  0	164	T	 1171	0.85	1.00e+00	136976.00
  0	 33	A	 1168	0.85	1.00e+00	136976.00
  2	 73	G	 1168	0.85	1.00e+00	136976.00
  3	113	T	 1167	0.85	1.00e+00	136976.00
  3	  7	C	 1165	0.85	1.00e+00	136976.00
  3	163	G	 1164	0.85	1.00e+00	136976.00
  2	126	T	 1162	0.85	1.00e+00	136976.00
  2	120	C	 1162	0.85	1.00e+00	136976.00
  4	145	C	 1160	0.85	1.00e+00	136976.00
  4	 10	A	 1158	0.85	1.00e+00	136976.00
  1	148	G	 1158	0.85	1.00e+00	136976.00
  4	 77	C	 1156	0.84	1.00e+00	136976.00
  4	114	C	 1155	0.84	1.00e+00	136976.00
  0	155	G	 1155	0.84	1.00e+00	136976.00
  1	 82	A	 1153	0.84	1.00e+00	136976.00
  1	 60	A	 1153	0.84	1.00e+00	136976.00
  4	 79	T	 1153	0.84	1.00e+00	136976.00
  3	 53	A	 1151	0.84	1.00e+00	136976.00
  2	 25	C	 1151	0.84	1.00e+00	136976.00
  0	 16	C	 1151	0.84	1.00e+00	136976.00
  4	136	T	 1148	0.84	1.00e+00	136976.00
  3	 79	T	 1148	0.84	1.00e+00	136976.00
  0	 20	T	 1148	0.84	1.00e+00	136976.00
  1	137	C	 1147	0.84	1.00e+00	136976.00
  4	154	C	 1146	0.84	1.00e+00	136976.00
  1	132	A	 1146	0.84	1.00e+00	136976.00
  3	 19	A	 1145	0.84	1.00e+00	136976.00
  2	139	T	 1143	0.83	1.00e+00	136976.00
  1	 20	A	 1142	0.83	1.00e+00	136976.00
  0	111	C	 1142	0.83	1.00e+00	136976.00
  4	140	G	 1139	0.83	1.00e+00	136976.00
  2	  6	T	 1139	0.83	1.00e+00	136976.00
  1	 72	A	 1137	0.83	1.00e+00	136976.00
  3	 69	A	 1136	0.83	1.00e+00	136976.00
  1	 81	A	 1136	0.83	1.00e+00	136976.00
  0	 24	G	 1134	0.83	1.00e+00	136976.00
  4	120	A	 1131	0.83	1.00e+00	136976.00
  1	 28	C	 1130	0.82	1.00e+00	136976.00
  3	125	T	 1130	0.82	1.00e+00	136976.00
  2	154	A	 1129	0.82	1.00e+00	136976.00
  1	 98	C	 1129	0.82	1.00e+00	136976.00
  3	120	C	 1126	0.82	1.00e+00	136976.00
  1	 99	A	 1124	0.82	1.00e+00	136976.00
  0	110	G	 1124	0.82	1.00e+00	136976.00
  2	 67	G	 1124	0.82	1.00e+00	136976.00
  2	 29	A	 1123	0.82	1.00e+00	136976.00
  3	123	A	 1121	0.82	1.00e+00	136976.00
  2	128	A	 1119	0.82	1.00e+00	136976.00
  4	123	A	 1116	0.81	1.00e+00	136976.00
  2	 99	T	 1116	0.81	1.00e+00	136976.00
  4	137	A	 1115	0.81	1.00e+00	136976.00
  0	 18	A	 1115	0.81	1.00e+00	136976.00
  1	 81	T	 1115	0.81	1.00e+00	136976.00
  2	160	C	 1115	0.81	1.00e+00	136976.00
  3	 87	G	 1114	0.81	1.00e+00	136976.00
  0	 53	G	 1113	0.81	1.00e+00	136976.00
  0	 36	G	 1108	0.81	1.00e+00	136976.00
  1	 32	G	 1107	0.81	1.00e+00	136976.00
  1	 92	A	 1105	0.81	1.00e+00	136976.00
  2	 53	C	 1105	0.81	1.00e+00	136976.00
  1	 14	T	 1102	0.80	1.00e+00	136976.00
  4	 68	T	 1099	0.80	1.00e+00	136976.00
  2	 72	A	 1097	0.80	1.00e+00	136976.00
  3	 32	T	 1096	0.80	1.00e+00	136976.00
  0	 89	A	 1096	0.80	1.00e+00	136976.00
  0	 19	A	 1095	0.80	1.00e+00	136976.00
  4	 48	A	 1095	0.80	1.00e+00	136976.00
  2	 98	A	 1093	0.80	1.00e+00	136976.00
  4	125	T	 1092	0.80	1.00e+00	136976.00
  3	123	T	 1089	0.80	1.00e+00	136976.00
  2	149	T	 1088	0.79	1.00e+00	136976.00
  2	 66	C	 1085	0.79	1.00e+00	136976.00
  3	 67	T	 1084	0.79	1.00e+00	136976.00
  1	126	A	 1084	0.79	1.00e+00	136976.00
  4	 70	T	 1083	0.79	1.00e+00	136976.00
  1	 94	G	 1083	0.79	1.00e+00	136976.00
  4	157	T	 1082	0.79	1.00e+00	136976.00
  1	147	C	 1075	0.78	1.00e+00	136976.00
  2	 37	T	 1073	0.78	1.00e+00	136976.00
  3	 87	C	 1073	0.78	1.00e+00	136976.00
  0	 11	C	 1070	0.78	1.00e+00	136976.00
  0	122	C	 1069	0.78	1.00e+00	136976.00
  2	 68	T	 1069	0.78	1.00e+00	136976.00
  0	124	T	 1069	0.78	1.00e+00	136976.00
  3	102	G	 1067	0.78	1.00e+00	136976.00
  1	 58	C	 1066	0.78	1.00e+00	136976.00
  0	159	T	 1063	0.78	1.00e+00	136976.00
  1	129	C	 1063	0.78	1.00e+00	136976.00
  1	 76	C	 1062	0.78	1.00e+00	136976.00
  0	 51	T	 1062	0.78	1.00e+00	136976.00
  0	104	C	 1060	0.77	1.00e+00	136976.00
  1	 57	G	 1060	0.77	1.00e+00	136976.00
  1	109	G	 1059	0.77	1.00e+00	136976.00
  0	 71	A	 1058	0.77	1.00e+00	136976.00
  3	 94	G	 1057	0.77	1.00e+00	136976.00
  4	138	C	 1056	0.77	1.00e+00	136976.00
  1	149	C	 1054	0.77	1.00e+00	136976.00
  0	115	G	 1052	0.77	1.00e+00	136976.00
  0	 90	T	 1051	0.77	1.00e+00	136976.00
  1	131	T	 1050	0.77	1.00e+00	136976.00
  1	 98	T	 1050	0.77	1.00e+00	136976.00
  4	107	G	 1050	0.77	1.00e+00	136976.00
  1	 68	T	 1047	0.76	1.00e+00	136976.00
  1	104	T	 1047	0.76	1.00e+00	136976.00
  0	104	G	 1046	0.76	1.00e+00	136976.00
  1	128	C	 1045	0.76	1.00e+00	136976.00
  2	137	G	 1044	0.76	1.00e+00	136976.00
  2	 62	A	 1044	0.76	1.00e+00	136976.00
  3	 86	C	 1043	0.76	1.00e+00	136976.00
  1	148	A	 1043	0.76	1.00e+00	136976.00
  4	 22	G	 1042	0.76	1.00e+00	136976.00
  3	 80	G	 1042	0.76	1.00e+00	136976.00
  1	 22	C	 1042	0.76	1.00e+00	136976.00
  1	 14	G	 1041	0.76	1.00e+00	136976.00
  3	 61	A	 1040	0.76	1.00e+00	136976.00
  3	 48	C	 1040	0.76	1.00e+00	136976.00
  2	 27	G	 1039	0.76	1.00e+00	136976.00
  4	 53	G	 1034	0.75	1.00e+00	136976.00
  1	 59	A	 1034	0.75	1.00e+00	136976.00
  1	 87	G	 1034	0.75	1.00e+00	136976.00
  2	 76	T	 1031	0.75	1.00e+00	136976.00
  3	154	G	 1031	0.75	1.00e+00	136976.00
  3	 60	A	 1030	0.75	1.00e+00	136976.00
  4	 94	G	 1025	0.75	1.00e+00	136976.00
  1	 47	A	 1024	0.75	1.00e+00	136976.00
  4	 47	G	 1023	0.75	1.00e+00	136976.00
  3	150	C	 1022	0.75	1.00e+00	136976.00
  0	 55	G	 1020	0.74	1.00e+00	136976.00
  2	 48	G	 1020	0.74	1.00e+00	136976.00
  0	 60	G	 1019	0.74	1.00e+00	136976.00
  2	 44	A	 1019	0.74	1.00e+00	136976.00
  2	 95	A	 1019	0.74	1.00e+00	136976.00
  3	 15	A	 1018	0.74	1.00e+00	136976.00
  4	 30	T	 1017	0.74	1.00e+00	136976.00
  0	 62	T	 1017	0.74	1.00e+00	136976.00
  1	 20	C	 1016	0.74	1.00e+00	136976.00
  0	115	T	 1013	0.74	1.00e+00	136976.00
  2	111	C	 1012	0.74	1.00e+00	136976.00
  3	105	T	 1012	0.74	1.00e+00	136976.00
  4	 69	A	 1010	0.74	1.00e+00	136976.00
  2	107	G	 1010	0.74	1.00e+00	136976.00
  4	143	G	 1008	0.74	1.00e+00	136976.00
  1	154	G	 1007	0.74	1.00e+00	136976.00
  1	 60	G	 1007	0.74	1.00e+00	136976.00
  3	149	G	 1001	0.73	1.00e+00	136976.00
  3	 65	G	 1001	0.73	1.00e+00	136976.00
  1	119	C	  997	0.73	1.00e+00	136976.00
  4	112	A	  996	0.73	1.00e+00	136976.00
  4	 80	G	  996	0.73	1.00e+00	136976.00
  1	 23	C	  995	0.73	1.00e+00	136976.00
  0	102	T	  994	0.73	1.00e+00	136976.00
  2	 72	G	  993	0.72	1.00e+00	136976.00
  3	156	G	  993	0.72	1.00e+00	136976.00
  1	110	C	  990	0.72	1.00e+00	136976.00
  2	 24	G	  989	0.72	1.00e+00	136976.00
  3	100	G	  987	0.72	1.00e+00	136976.00
  1	 16	C	  987	0.72	1.00e+00	136976.00
  0	 57	A	  982	0.72	1.00e+00	136976.00
  0	130	C	  982	0.72	1.00e+00	136976.00
  4	 24	G	  981	0.72	1.00e+00	136976.00
  3	117	T	  981	0.72	1.00e+00	136976.00
  4	 67	T	  979	0.71	1.00e+00	136976.00
  0	 90	C	  979	0.71	1.00e+00	136976.00
  0	134	A	  979	0.71	1.00e+00	136976.00
  2	104	A	  979	0.71	1.00e+00	136976.00
  2	 32	G	  979	0.71	1.00e+00	136976.00
  4	 38	A	  974	0.71	1.00e+00	136976.00
  1	 95	C	  974	0.71	1.00e+00	136976.00
  4	 48	G	  973	0.71	1.00e+00	136976.00
  4	 89	A	  972	0.71	1.00e+00	136976.00
  3	 78	C	  971	0.71	1.00e+00	136976.00
  4	 57	A	  970	0.71	1.00e+00	136976.00
  4	112	G	  967	0.71	1.00e+00	136976.00
  0	 15	A	  967	0.71	1.00e+00	136976.00
  1	 33	C	  966	0.71	1.00e+00	136976.00
  2	 19	A	  966	0.71	1.00e+00	136976.00
  4	 58	A	  966	0.71	1.00e+00	136976.00
  3	131	G	  962	0.70	1.00e+00	136976.00
  1	 69	T	  961	0.70	1.00e+00	136976.00
  3	 28	C	  960	0.70	1.00e+00	136976.00
  1	143	A	  958	0.70	1.00e+00	136976.00
  3	124	T	  958	0.70	1.00e+00	136976.00
  4	167	T	  956	0.70	1.00e+00	136976.00
  4	 87	C	  955	0.70	1.00e+00	136976.00
  0	 40	C	  953	0.70	1.00e+00	136976.00
  2	134	A	  952	0.70	1.00e+00	136976.00
  0	107	T	  951	0.69	1.00e+00	136976.00
  2	 93	T	  951	0.69	1.00e+00	136976.00
  2	115	T	  951	0.69	1.00e+00	136976.00
  4	 96	C	  950	0.69	1.00e+00	136976.00
  4	 10	C	  950	0.69	1.00e+00	136976.00
  1	 51	T	  949	0.69	1.00e+00	136976.00
  2	  9	G	  948	0.69	1.00e+00	136976.00
  4	 80	A	  948	0.69	1.00e+00	136976.00
  0	130	A	  948	0.69	1.00e+00	136976.00
  0	 66	C	  947	0.69	1.00e+00	136976.00
  0	143	C	  946	0.69	1.00e+00	136976.00
  0	 22	C	  946	0.69	1.00e+00	136976.00
  2	 26	C	  944	0.69	1.00e+00	136976.00
  0	 77	C	  943	0.69	1.00e+00	136976.00
  3	 19	C	  941	0.69	1.00e+00	136976.00
  4	108	C	  941	0.69	1.00e+00	136976.00
  1	103	A	  940	0.69	1.00e+00	136976.00
  4	134	G	  938	0.68	1.00e+00	136976.00
  3	 15	C	  938	0.68	1.00e+00	136976.00
  2	 63	G	  938	0.68	1.00e+00	136976.00
  3	 62	T	  937	0.68	1.00e+00	136976.00
  4	127	G	  937	0.68	1.00e+00	136976.00
  4	109	T	  937	0.68	1.00e+00	136976.00
  0	122	G	  935	0.68	1.00e+00	136976.00
  1	 72	C	  934	0.68	1.00e+00	136976.00
  0	 34	G	  929	0.68	1.00e+00	136976.00
  1	160	G	  929	0.68	1.00e+00	136976.00
  0	 97	G	  928	0.68	1.00e+00	136976.00
  3	 14	T	  928	0.68	1.00e+00	136976.00
  4	110	G	  928	0.68	1.00e+00	136976.00
  4	 91	G	  928	0.68	1.00e+00	136976.00
  4	 78	G	  927	0.68	1.00e+00	136976.00
  3	137	T	  926	0.68	1.00e+00	136976.00
  2	 70	T	  925	0.68	1.00e+00	136976.00
  1	 31	G	  925	0.68	1.00e+00	136976.00
  2	 33	C	  924	0.67	1.00e+00	136976.00
  3	123	C	  924	0.67	1.00e+00	136976.00
  3	 52	A	  924	0.67	1.00e+00	136976.00
  0	 56	A	  922	0.67	1.00e+00	136976.00
  1	152	T	  920	0.67	1.00e+00	136976.00
  2	 19	T	  920	0.67	1.00e+00	136976.00
  3	 89	A	  918	0.67	1.00e+00	136976.00
  0	106	T	  917	0.67	1.00e+00	136976.00
  2	122	G	  915	0.67	1.00e+00	136976.00
  3	 52	T	  914	0.67	1.00e+00	136976.00
  0	 43	C	  914	0.67	1.00e+00	136976.00
  2	 61	A	  913	0.67	1.00e+00	136976.00
  1	141	C	  913	0.67	1.00e+00	136976.00
  4	114	T	  912	0.67	1.00e+00	136976.00
  2	156	A	  912	0.67	1.00e+00	136976.00
  4	121	G	  911	0.67	1.00e+00	136976.00
  4	121	C	  910	0.66	1.00e+00	136976.00
  2	139	C	  909	0.66	1.00e+00	136976.00
  1	 26	T	  908	0.66	1.00e+00	136976.00
  1	120	G	  907	0.66	1.00e+00	136976.00
  3	131	C	  906	0.66	1.00e+00	136976.00
  0	 43	G	  905	0.66	1.00e+00	136976.00
  4	136	C	  905	0.66	1.00e+00	136976.00
  1	 31	A	  902	0.66	1.00e+00	136976.00
  0	112	G	  902	0.66	1.00e+00	136976.00
  0	 95	C	  901	0.66	1.00e+00	136976.00
  3	112	G	  900	0.66	1.00e+00	136976.00
  2	 94	G	  898	0.66	1.00e+00	136976.00
  4	 60	G	  897	0.65	1.00e+00	136976.00
  2	 82	G	  897	0.65	1.00e+00	136976.00
  2	 21	T	  895	0.65	1.00e+00	136976.00
  2	 97	T	  895	0.65	1.00e+00	136976.00
  1	 86	C	  894	0.65	1.00e+00	136976.00
  0	 48	A	  893	0.65	1.00e+00	136976.00
  0	 50	T	  893	0.65	1.00e+00	136976.00
  0	 85	A	  892	0.65	1.00e+00	136976.00
  1	111	G	  892	0.65	1.00e+00	136976.00
  3	 34	A	  890	0.65	1.00e+00	136976.00
  3	109	G	  890	0.65	1.00e+00	136976.00
  1	 48	C	  890	0.65	1.00e+00	136976.00
  3	147	C	  890	0.65	1.00e+00	136976.00
  0	 94	G	  889	0.65	1.00e+00	136976.00
  4	 83	C	  889	0.65	1.00e+00	136976.00
  2	 40	G	  889	0.65	1.00e+00	136976.00
  4	 66	T	  889	0.65	1.00e+00	136976.00
  1	 30	C	  887	0.65	1.00e+00	136976.00
  1	100	G	  887	0.65	1.00e+00	136976.00
  2	111	T	  887	0.65	1.00e+00	136976.00
  3	101	T	  886	0.65	1.00e+00	136976.00
  2	 39	A	  885	0.65	1.00e+00	136976.00
  4	 75	T	  885	0.65	1.00e+00	136976.00
  0	103	T	  885	0.65	1.00e+00	136976.00
  1	 37	T	  885	0.65	1.00e+00	136976.00
  2	157	G	  885	0.65	1.00e+00	136976.00
  2	115	G	  884	0.65	1.00e+00	136976.00
  1	 80	G	  884	0.65	1.00e+00	136976.00
  0	 34	A	  884	0.65	1.00e+00	136976.00
  1	 62	C	  884	0.65	1.00e+00	136976.00
  4	 83	A	  883	0.64	1.00e+00	136976.00
  2	125	T	  883	0.64	1.00e+00	136976.00
  3	 44	T	  882	0.64	1.00e+00	136976.00
  3	 24	G	  881	0.64	1.00e+00	136976.00
  0	 62	A	  878	0.64	1.00e+00	136976.00
  4	162	A	  875	0.64	1.00e+00	136976.00
  1	  4	C	  875	0.64	1.00e+00	136976.00
  0	146	C	  874	0.64	1.00e+00	136976.00
  3	 99	T	  874	0.64	1.00e+00	136976.00
  2	124	T	  874	0.64	1.00e+00	136976.00
  0	 76	G	  873	0.64	1.00e+00	136976.00
  1	101	T	  873	0.64	1.00e+00	136976.00
  2	 16	C	  873	0.64	1.00e+00	136976.00
  1	107	C	  873	0.64	1.00e+00	136976.00
  3	139	T	  868	0.63	1.00e+00	136976.00
  2	119	T	  866	0.63	1.00e+00	136976.00
  2	166	C	  865	0.63	1.00e+00	136976.00
  2	 31	A	  865	0.63	1.00e+00	136976.00
  3	 20	G	  865	0.63	1.00e+00	136976.00
  1	 59	G	  864	0.63	1.00e+00	136976.00
  1	130	T	  864	0.63	1.00e+00	136976.00
  0	105	A	  863	0.63	1.00e+00	136976.00
  0	154	G	  863	0.63	1.00e+00	136976.00
  3	127	G	  861	0.63	1.00e+00	136976.00
  3	 92	T	  861	0.63	1.00e+00	136976.00
  0	121	A	  860	0.63	1.00e+00	136976.00
  2	 96	C	  858	0.63	1.00e+00	136976.00
  1	 15	C	  857	0.63	1.00e+00	136976.00
  3	 72	A	  857	0.63	1.00e+00	136976.00
  3	 26	T	  855	0.62	1.00e+00	136976.00
  1	 21	T	  855	0.62	1.00e+00	136976.00
  1	 61	G	  855	0.62	1.00e+00	136976.00
  0	101	G	  854	0.62	1.00e+00	136976.00
  4	 67	G	  853	0.62	1.00e+00	136976.00
  0	143	A	  853	0.62	1.00e+00	136976.00
  4	 57	G	  852	0.62	1.00e+00	136976.00
  4	 48	C	  851	0.62	1.00e+00	136976.00
  1	108	C	  849	0.62	1.00e+00	136976.00
  3	106	T	  848	0.62	1.00e+00	136976.00
  0	 11	G	  848	0.62	1.00e+00	136976.00
  3	 47	A	  848	0.62	1.00e+00	136976.00
  1	150	C	  846	0.62	1.00e+00	136976.00
  2	 61	G	  846	0.62	1.00e+00	136976.00
  3	 56	A	  846	0.62	1.00e+00	136976.00
  4	 36	T	  844	0.62	1.00e+00	136976.00
  0	 52	A	  844	0.62	1.00e+00	136976.00
  2	101	T	  843	0.62	1.00e+00	136976.00
  1	 38	A	  843	0.62	1.00e+00	136976.00
  1	151	A	  842	0.61	1.00e+00	136976.00
  3	119	G	  841	0.61	1.00e+00	136976.00
  1	121	G	  840	0.61	1.00e+00	136976.00
  0	 29	G	  839	0.61	1.00e+00	136976.00
  0	 59	A	  839	0.61	1.00e+00	136976.00
  2	 60	G	  838	0.61	1.00e+00	136976.00
  3	 90	T	  837	0.61	1.00e+00	136976.00
  2	 90	C	  836	0.61	1.00e+00	136976.00
  1	 80	T	  836	0.61	1.00e+00	136976.00
  3	139	G	  836	0.61	1.00e+00	136976.00
  1	 44	A	  836	0.61	1.00e+00	136976.00
  1	145	C	  836	0.61	1.00e+00	136976.00
  4	 47	A	  836	0.61	1.00e+00	136976.00
  0	 88	T	  836	0.61	1.00e+00	136976.00
  1	166	T	  835	0.61	1.00e+00	136976.00
  4	120	C	  834	0.61	1.00e+00	136976.00
  4	126	C	  833	0.61	1.00e+00	136976.00
  2	130	A	  832	0.61	1.00e+00	136976.00
  2	136	T	  832	0.61	1.00e+00	136976.00
  4	 36	C	  832	0.61	1.00e+00	136976.00
  3	105	A	  832	0.61	1.00e+00	136976.00
  4	 88	G	  830	0.61	1.00e+00	136976.00
  3	113	A	  829	0.61	1.00e+00	136976.00
  0	 21	T	  828	0.60	1.00e+00	136976.00
  0	 65	T	  826	0.60	1.00e+00	136976.00
  2	148	C	  825	0.60	1.00e+00	136976.00
  3	 48	A	  824	0.60	1.00e+00	136976.00
  3	155	G	  822	0.60	1.00e+00	136976.00
  2	 59	T	  822	0.60	1.00e+00	136976.00
  3	  8	G	  819	0.60	1.00e+00	136976.00
  4	 95	C	  819	0.60	1.00e+00	136976.00
  3	153	A	  819	0.60	1.00e+00	136976.00
  1	 89	C	  819	0.60	1.00e+00	136976.00
  3	127	A	  818	0.60	1.00e+00	136976.00
  2	 48	C	  818	0.60	1.00e+00	136976.00
  2	 49	C	  817	0.60	1.00e+00	136976.00
  4	 75	C	  816	0.60	1.00e+00	136976.00
  4	 33	G	  816	0.60	1.00e+00	136976.00
  0	 61	T	  815	0.59	1.00e+00	136976.00
  3	 90	A	  815	0.59	1.00e+00	136976.00
  4	 23	C	  815	0.59	1.00e+00	136976.00
  3	 30	C	  815	0.59	1.00e+00	136976.00
  0	 47	A	  813	0.59	1.00e+00	136976.00
  3	 84	G	  808	0.59	1.00e+00	136976.00
  4	135	C	  807	0.59	1.00e+00	136976.00
  1	 16	A	  806	0.59	1.00e+00	136976.00
  0	161	G	  806	0.59	1.00e+00	136976.00
  3	107	T	  806	0.59	1.00e+00	136976.00
  2	156	C	  804	0.59	1.00e+00	136976.00
  3	 74	A	  804	0.59	1.00e+00	136976.00
  3	115	T	  802	0.59	1.00e+00	136976.00
  2	158	G	  801	0.58	1.00e+00	136976.00
  0	 52	G	  801	0.58	1.00e+00	136976.00
  4	 20	G	  801	0.58	1.00e+00	136976.00
  4	147	G	  801	0.58	1.00e+00	136976.00
  4	122	A	  800	0.58	1.00e+00	136976.00
  1	 47	G	  799	0.58	1.00e+00	136976.00
  0	 77	G	  799	0.58	1.00e+00	136976.00
  4	144	G	  798	0.58	1.00e+00	136976.00
  1	146	C	  798	0.58	1.00e+00	136976.00
  2	143	A	  797	0.58	1.00e+00	136976.00
  3	  6	T	  797	0.58	1.00e+00	136976.00
  3	153	G	  795	0.58	1.00e+00	136976.00
  2	 25	G	  794	0.58	1.00e+00	136976.00
  0	151	C	  792	0.58	1.00e+00	136976.00
  0	 83	T	  791	0.58	1.00e+00	136976.00
  0	148	T	  790	0.58	1.00e+00	136976.00
  4	119	A	  790	0.58	1.00e+00	136976.00
  0	 46	T	  789	0.58	1.00e+00	136976.00
  4	107	T	  789	0.58	1.00e+00	136976.00
  0	101	T	  789	0.58	1.00e+00	136976.00
  4	134	A	  788	0.58	1.00e+00	136976.00
  4	 81	T	  788	0.58	1.00e+00	136976.00
  0	 87	C	  788	0.58	1.00e+00	136976.00
  0	 91	G	  788	0.58	1.00e+00	136976.00
  2	107	T	  786	0.57	1.00e+00	136976.00
  4	121	A	  786	0.57	1.00e+00	136976.00
  0	119	A	  785	0.57	1.00e+00	136976.00
  1	 38	T	  784	0.57	1.00e+00	136976.00
  3	145	T	  784	0.57	1.00e+00	136976.00
  4	160	G	  784	0.57	1.00e+00	136976.00
  4	 86	G	  784	0.57	1.00e+00	136976.00
  3	 77	C	  784	0.57	1.00e+00	136976.00
  1	 78	C	  783	0.57	1.00e+00	136976.00
  3	 67	G	  783	0.57	1.00e+00	136976.00
  0	153	A	  783	0.57	1.00e+00	136976.00
  3	 97	G	  783	0.57	1.00e+00	136976.00
  3	128	A	  782	0.57	1.00e+00	136976.00
  3	144	G	  782	0.57	1.00e+00	136976.00
  3	 66	T	  781	0.57	1.00e+00	136976.00
  1	 87	C	  780	0.57	1.00e+00	136976.00
  1	156	G	  780	0.57	1.00e+00	136976.00
  3	 20	A	  779	0.57	1.00e+00	136976.00
  1	107	G	  778	0.57	1.00e+00	136976.00
  2	125	C	  777	0.57	1.00e+00	136976.00
  4	104	G	  777	0.57	1.00e+00	136976.00
  4	148	T	  776	0.57	1.00e+00	136976.00
  0	 41	C	  775	0.57	1.00e+00	136976.00
  1	  7	G	  775	0.57	1.00e+00	136976.00
  2	 39	G	  775	0.57	1.00e+00	136976.00
  4	 76	G	  774	0.57	1.00e+00	136976.00
  0	 34	C	  773	0.56	1.00e+00	136976.00
  2	 20	A	  773	0.56	1.00e+00	136976.00
  0	 35	C	  771	0.56	1.00e+00	136976.00
  4	148	C	  770	0.56	1.00e+00	136976.00
  4	150	A	  770	0.56	1.00e+00	136976.00
  2	 31	G	  769	0.56	1.00e+00	136976.00
  1	145	G	  769	0.56	1.00e+00	136976.00
  4	163	G	  769	0.56	1.00e+00	136976.00
  2	 64	C	  769	0.56	1.00e+00	136976.00
  4	 79	C	  768	0.56	1.00e+00	136976.00
  2	 94	T	  768	0.56	1.00e+00	136976.00
  0	128	G	  768	0.56	1.00e+00	136976.00
  2	127	G	  767	0.56	1.00e+00	136976.00
  2	 45	T	  766	0.56	1.00e+00	136976.00
  0	 79	T	  764	0.56	1.00e+00	136976.00
  1	 45	T	  764	0.56	1.00e+00	136976.00
  1	 88	A	  762	0.56	1.00e+00	136976.00
  1	 18	C	  762	0.56	1.00e+00	136976.00
  3	 63	T	  761	0.56	1.00e+00	136976.00
  1	 71	G	  760	0.55	1.00e+00	136976.00
  1	157	G	  760	0.55	1.00e+00	136976.00
  3	 16	C	  759	0.55	1.00e+00	136976.00
  3	 97	T	  759	0.55	1.00e+00	136976.00
  4	102	T	  758	0.55	1.00e+00	136976.00
  4	128	A	  756	0.55	1.00e+00	136976.00
  2	 75	C	  756	0.55	1.00e+00	136976.00
  4	 90	T	  756	0.55	1.00e+00	136976.00
  2	134	C	  755	0.55	1.00e+00	136976.00
  1	124	C	  754	0.55	1.00e+00	136976.00
  0	117	A	  754	0.55	1.00e+00	136976.00
  4	108	T	  754	0.55	1.00e+00	136976.00
  1	  6	T	  752	0.55	1.00e+00	136976.00
  1	 52	G	  751	0.55	1.00e+00	136976.00
  2	 24	T	  751	0.55	1.00e+00	136976.00
  3	118	T	  751	0.55	1.00e+00	136976.00
  0	139	C	  750	0.55	1.00e+00	136976.00
  0	144	T	  748	0.55	1.00e+00	136976.00
  1	100	T	  747	0.55	1.00e+00	136976.00
  2	 78	G	  745	0.54	1.00e+00	136976.00
  4	168	T	  744	0.54	1.00e+00	136976.00
  4	  4	C	  741	0.54	1.00e+00	136976.00
  3	120	A	  740	0.54	1.00e+00	136976.00
  2	134	G	  739	0.54	1.00e+00	136976.00
  1	150	A	  738	0.54	1.00e+00	136976.00
  4	 69	G	  738	0.54	1.00e+00	136976.00
  2	138	C	  738	0.54	1.00e+00	136976.00
  3	 49	C	  737	0.54	1.00e+00	136976.00
  4	123	T	  736	0.54	1.00e+00	136976.00
  3	 82	A	  735	0.54	1.00e+00	136976.00
  2	 62	T	  734	0.54	1.00e+00	136976.00
  3	 88	A	  732	0.53	1.00e+00	136976.00
  2	147	T	  731	0.53	1.00e+00	136976.00
  2	156	T	  730	0.53	1.00e+00	136976.00
  2	 67	T	  729	0.53	1.00e+00	136976.00
  1	 29	G	  729	0.53	1.00e+00	136976.00
  0	129	C	  727	0.53	1.00e+00	136976.00
  3	141	C	  726	0.53	1.00e+00	136976.00
  2	  8	T	  722	0.53	1.00e+00	136976.00
  0	 12	G	  721	0.53	1.00e+00	136976.00
  3	 79	C	  719	0.52	1.00e+00	136976.00
  1	111	C	  719	0.52	1.00e+00	136976.00
  2	149	A	  719	0.52	1.00e+00	136976.00
  4	104	A	  719	0.52	1.00e+00	136976.00
  2	155	T	  716	0.52	1.00e+00	136976.00
  3	 96	C	  715	0.52	1.00e+00	136976.00
  0	 38	G	  715	0.52	1.00e+00	136976.00
  1	 61	A	  714	0.52	1.00e+00	136976.00
  1	116	A	  714	0.52	1.00e+00	136976.00
  0	118	C	  713	0.52	1.00e+00	136976.00
  0	 58	G	  712	0.52	1.00e+00	136976.00
  4	 84	A	  712	0.52	1.00e+00	136976.00
  0	112	A	  711	0.52	1.00e+00	136976.00
  2	127	T	  710	0.52	1.00e+00	136976.00
  0	165	A	  709	0.52	1.00e+00	136976.00
  1	127	A	  708	0.52	1.00e+00	136976.00
  3	 74	G	  707	0.52	1.00e+00	136976.00
  3	146	T	  707	0.52	1.00e+00	136976.00
  4	115	C	  707	0.52	1.00e+00	136976.00
  0	 80	A	  706	0.52	1.00e+00	136976.00
  2	 50	T	  706	0.52	1.00e+00	136976.00
  4	 20	C	  704	0.51	1.00e+00	136976.00
  4	161	C	  704	0.51	1.00e+00	136976.00
  3	 49	T	  703	0.51	1.00e+00	136976.00
  0	 88	A	  703	0.51	1.00e+00	136976.00
  4	140	C	  701	0.51	1.00e+00	136976.00
  1	133	A	  701	0.51	1.00e+00	136976.00
  2	 84	T	  700	0.51	1.00e+00	136976.00
  1	 94	T	  699	0.51	1.00e+00	136976.00
  1	125	C	  699	0.51	1.00e+00	136976.00
  4	  8	T	  699	0.51	1.00e+00	136976.00
  0	108	G	  698	0.51	1.00e+00	136976.00
  1	 64	T	  698	0.51	1.00e+00	136976.00
  4	156	A	  697	0.51	1.00e+00	136976.00
  3	 44	C	  697	0.51	1.00e+00	136976.00
  4	110	A	  696	0.51	1.00e+00	136976.00
  3	134	C	  695	0.51	1.00e+00	136976.00
  2	140	G	  694	0.51	1.00e+00	136976.00
  0	 42	A	  693	0.51	1.00e+00	136976.00
  1	 42	A	  693	0.51	1.00e+00	136976.00
  0	116	G	  692	0.51	1.00e+00	136976.00
  4	132	G	  691	0.50	1.00e+00	136976.00
  3	154	C	  690	0.50	1.00e+00	136976.00
  4	 66	C	  690	0.50	1.00e+00	136976.00
  1	 27	A	  688	0.50	1.00e+00	136976.00
  2	123	C	  688	0.50	1.00e+00	136976.00
  0	 27	T	  687	0.50	1.00e+00	136976.00
  0	 83	C	  686	0.50	1.00e+00	136976.00
  2	 26	T	  684	0.50	1.00e+00	136976.00
  3	 45	T	  682	0.50	1.00e+00	136976.00
  0	 58	A	  682	0.50	1.00e+00	136976.00
  1	 54	G	  681	0.50	1.00e+00	136976.00
  2	124	C	  681	0.50	1.00e+00	136976.00
  0	 93	C	  681	0.50	1.00e+00	136976.00
  1	118	G	  680	0.50	1.00e+00	136976.00
  1	  7	C	  678	0.49	1.00e+00	136976.00
  2	 53	G	  677	0.49	1.00e+00	136976.00
  4	 78	T	  675	0.49	1.00e+00	136976.00
  1	 73	A	  674	0.49	1.00e+00	136976.00
  3	 48	G	  674	0.49	1.00e+00	136976.00
  1	 74	A	  674	0.49	1.00e+00	136976.00
  3	 59	G	  674	0.49	1.00e+00	136976.00
  1	133	G	  673	0.49	1.00e+00	136976.00
  0	157	G	  671	0.49	1.00e+00	136976.00
  0	162	T	  671	0.49	1.00e+00	136976.00
  3	145	C	  670	0.49	1.00e+00	136976.00
  2	  6	A	  670	0.49	1.00e+00	136976.00
  4	 33	A	  670	0.49	1.00e+00	136976.00
  1	 20	G	  668	0.49	1.00e+00	136976.00
  1	 46	C	  666	0.49	1.00e+00	136976.00
  0	 75	A	  665	0.49	1.00e+00	136976.00
  2	119	A	  665	0.49	1.00e+00	136976.00
  2	 17	C	  664	0.48	1.00e+00	136976.00
  2	 10	C	  663	0.48	1.00e+00	136976.00
  1	 39	A	  663	0.48	1.00e+00	136976.00
  2	128	G	  662	0.48	1.00e+00	136976.00
  2	 74	C	  662	0.48	1.00e+00	136976.00
  3	 23	A	  662	0.48	1.00e+00	136976.00
  3	121	C	  661	0.48	1.00e+00	136976.00
  1	120	A	  658	0.48	1.00e+00	136976.00
  4	  6	T	  657	0.48	1.00e+00	136976.00
  4	 15	A	  657	0.48	1.00e+00	136976.00
  1	160	T	  656	0.48	1.00e+00	136976.00
  0	138	C	  655	0.48	1.00e+00	136976.00
  2	 84	G	  655	0.48	1.00e+00	136976.00
  0	155	T	  655	0.48	1.00e+00	136976.00
  4	103	A	  655	0.48	1.00e+00	136976.00
  4	164	C	  654	0.48	1.00e+00	136976.00
  2	150	A	  654	0.48	1.00e+00	136976.00
  0	161	T	  652	0.48	1.00e+00	136976.00
  2	 56	A	  651	0.48	1.00e+00	136976.00
  3	145	G	  651	0.48	1.00e+00	136976.00
  2	136	C	  650	0.47	1.00e+00	136976.00
  1	103	G	  650	0.47	1.00e+00	136976.00
  1	 90	A	  647	0.47	1.00e+00	136976.00
  0	 91	A	  647	0.47	1.00e+00	136976.00
  1	 65	C	  647	0.47	1.00e+00	136976.00
  4	 85	A	  646	0.47	1.00e+00	136976.00
  1	143	G	  644	0.47	1.00e+00	136976.00
  3	 60	G	  644	0.47	1.00e+00	136976.00
  2	 36	C	  644	0.47	1.00e+00	136976.00
  1	 79	A	  643	0.47	1.00e+00	136976.00
  2	 35	G	  642	0.47	1.00e+00	136976.00
  2	 55	A	  641	0.47	1.00e+00	136976.00
  1	164	C	  641	0.47	1.00e+00	136976.00
  1	 19	G	  639	0.47	1.00e+00	136976.00
  0	 78	T	  639	0.47	1.00e+00	136976.00
  3	  8	T	  639	0.47	1.00e+00	136976.00
  0	109	C	  638	0.47	1.00e+00	136976.00
  3	104	G	  638	0.47	1.00e+00	136976.00
  1	 53	G	  638	0.47	1.00e+00	136976.00
  4	104	C	  637	0.47	1.00e+00	136976.00
  0	126	T	  637	0.47	1.00e+00	136976.00
  4	 25	C	  637	0.47	1.00e+00	136976.00
  2	117	A	  636	0.46	1.00e+00	136976.00
  2	 33	G	  636	0.46	1.00e+00	136976.00
  3	158	G	  636	0.46	1.00e+00	136976.00
  4	147	C	  635	0.46	1.00e+00	136976.00
  4	124	T	  635	0.46	1.00e+00	136976.00
  1	 95	A	  635	0.46	1.00e+00	136976.00
  3	134	G	  634	0.46	1.00e+00	136976.00
  0	105	T	  634	0.46	1.00e+00	136976.00
  1	 88	C	  634	0.46	1.00e+00	136976.00
  0	 75	G	  634	0.46	1.00e+00	136976.00
  4	142	C	  633	0.46	1.00e+00	136976.00
  3	111	C	  633	0.46	1.00e+00	136976.00
  2	 44	T	  633	0.46	1.00e+00	136976.00
  1	161	A	  632	0.46	1.00e+00	136976.00
  2	101	C	  632	0.46	1.00e+00	136976.00
  3	147	A	  632	0.46	1.00e+00	136976.00
  0	 87	A	  632	0.46	1.00e+00	136976.00
  2	137	T	  631	0.46	1.00e+00	136976.00
  4	 63	T	  631	0.46	1.00e+00	136976.00
  3	 57	A	  630	0.46	1.00e+00	136976.00
  2	135	C	  630	0.46	1.00e+00	136976.00
  1	 89	T	  630	0.46	1.00e+00	136976.00
  0	 48	G	  629	0.46	1.00e+00	136976.00
  0	148	C	  629	0.46	1.00e+00	136976.00
  0	 81	G	  628	0.46	1.00e+00	136976.00
  1	 68	G	  628	0.46	1.00e+00	136976.00
  0	 19	G	  628	0.46	1.00e+00	136976.00
  1	136	T	  627	0.46	1.00e+00	136976.00
  3	130	T	  627	0.46	1.00e+00	136976.00
  1	 94	C	  626	0.46	1.00e+00	136976.00
  3	 68	T	  625	0.46	1.00e+00	136976.00
  0	 96	A	  624	0.46	1.00e+00	136976.00
  3	 37	C	  622	0.45	1.00e+00	136976.00
  2	 42	A	  621	0.45	1.00e+00	136976.00
  4	123	C	  620	0.45	1.00e+00	136976.00
  2	153	G	  620	0.45	1.00e+00	136976.00
  2	106	T	  620	0.45	1.00e+00	136976.00
  0	136	T	  619	0.45	1.00e+00	136976.00
  1	127	G	  619	0.45	1.00e+00	136976.00
  0	102	C	  619	0.45	1.00e+00	136976.00
  3	 76	T	  619	0.45	1.00e+00	136976.00
  1	 25	A	  618	0.45	1.00e+00	136976.00
  0	 40	G	  617	0.45	1.00e+00	136976.00
  0	 73	G	  617	0.45	1.00e+00	136976.00
  4	 27	T	  615	0.45	1.00e+00	136976.00
  0	 45	T	  615	0.45	1.00e+00	136976.00
  0	 49	T	  614	0.45	1.00e+00	136976.00
  4	116	G	  613	0.45	1.00e+00	136976.00
  2	 49	T	  612	0.45	1.00e+00	136976.00
  1	117	T	  611	0.45	1.00e+00	136976.00
  3	 18	C	  611	0.45	1.00e+00	136976.00
  1	 85	A	  610	0.45	1.00e+00	136976.00
  4	 59	C	  609	0.44	1.00e+00	136976.00
  4	 14	T	  609	0.44	1.00e+00	136976.00
  0	  9	T	  607	0.44	1.00e+00	136976.00
  3	 18	A	  606	0.44	1.00e+00	136976.00
  1	 58	G	  605	0.44	1.00e+00	136976.00
  4	139	T	  605	0.44	1.00e+00	136976.00
  0	 70	C	  605	0.44	1.00e+00	136976.00
  3	164	A	  603	0.44	1.00e+00	136976.00
  3	142	T	  603	0.44	1.00e+00	136976.00
  4	 37	C	  602	0.44	1.00e+00	136976.00
  2	116	G	  602	0.44	1.00e+00	136976.00
  2	 37	C	  602	0.44	1.00e+00	136976.00
  3	 93	C	  601	0.44	1.00e+00	136976.00
  2	104	G	  600	0.44	1.00e+00	136976.00
  4	 32	C	  600	0.44	1.00e+00	136976.00
  2	155	G	  600	0.44	1.00e+00	136976.00
  3	 75	G	  599	0.44	1.00e+00	136976.00
  3	 58	C	  599	0.44	1.00e+00	136976.00
  2	 65	T	  598	0.44	1.00e+00	136976.00
  2	 91	A	  597	0.44	1.00e+00	136976.00
  3	101	G	  597	0.44	1.00e+00	136976.00
  2	147	G	  597	0.44	1.00e+00	136976.00
  4	 62	T	  597	0.44	1.00e+00	136976.00
  0	 29	C	  597	0.44	1.00e+00	136976.00
  1	113	C	  596	0.44	1.00e+00	136976.00
  4	 54	C	  595	0.43	1.00e+00	136976.00
  0	112	C	  594	0.43	1.00e+00	136976.00
  0	 30	C	  594	0.43	1.00e+00	136976.00
  0	 88	G	  593	0.43	1.00e+00	136976.00
  0	 40	T	  591	0.43	1.00e+00	136976.00
  3	 73	A	  591	0.43	1.00e+00	136976.00
  4	  9	G	  588	0.43	1.00e+00	136976.00
  0	 17	G	  588	0.43	1.00e+00	136976.00
  3	159	T	  584	0.43	1.00e+00	136976.00
  2	129	A	  584	0.43	1.00e+00	136976.00
  0	 37	T	  584	0.43	1.00e+00	136976.00
  1	 78	T	  583	0.43	1.00e+00	136976.00
  1	  8	A	  583	0.43	1.00e+00	136976.00
  4	 62	C	  582	0.42	1.00e+00	136976.00
  4	 20	A	  582	0.42	1.00e+00	136976.00
  4	141	T	  582	0.42	1.00e+00	136976.00
  1	159	T	  581	0.42	1.00e+00	136976.00
  3	104	C	  581	0.42	1.00e+00	136976.00
  1	105	T	  578	0.42	1.00e+00	136976.00
  1	 96	A	  578	0.42	1.00e+00	136976.00
  0	 49	C	  578	0.42	1.00e+00	136976.00
  2	144	A	  577	0.42	1.00e+00	136976.00
  3	107	G	  577	0.42	1.00e+00	136976.00
  4	146	A	  577	0.42	1.00e+00	136976.00
  2	163	A	  575	0.42	1.00e+00	136976.00
  4	 81	G	  574	0.42	1.00e+00	136976.00
  0	147	C	  572	0.42	1.00e+00	136976.00
  3	160	T	  570	0.42	1.00e+00	136976.00
  1	 35	G	  569	0.42	1.00e+00	136976.00
  1	 63	G	  569	0.42	1.00e+00	136976.00
  1	 24	G	  569	0.42	1.00e+00	136976.00
  2	117	G	  568	0.41	1.00e+00	136976.00
  0	 44	T	  566	0.41	1.00e+00	136976.00
  2	 44	C	  566	0.41	1.00e+00	136976.00
  2	  8	A	  563	0.41	1.00e+00	136976.00
  0	 93	T	  563	0.41	1.00e+00	136976.00
  2	 35	A	  562	0.41	1.00e+00	136976.00
  0	113	C	  561	0.41	1.00e+00	136976.00
  3	104	A	  561	0.41	1.00e+00	136976.00
  1	 46	T	  559	0.41	1.00e+00	136976.00
  1	 36	C	  559	0.41	1.00e+00	136976.00
  0	125	C	  558	0.41	1.00e+00	136976.00
  4	162	G	  556	0.41	1.00e+00	136976.00
  3	 20	C	  556	0.41	1.00e+00	136976.00
  3	 27	A	  555	0.41	1.00e+00	136976.00
  0	121	T	  555	0.41	1.00e+00	136976.00
  0	 18	G	  555	0.41	1.00e+00	136976.00
  0	 59	G	  553	0.40	1.00e+00	136976.00
  0	 14	C	  553	0.40	1.00e+00	136976.00
  2	 66	T	  553	0.40	1.00e+00	136976.00
  0	 68	C	  553	0.40	1.00e+00	136976.00
  1	159	C	  552	0.40	1.00e+00	136976.00
  4	 13	C	  552	0.40	1.00e+00	136976.00
  1	149	A	  551	0.40	1.00e+00	136976.00
  2	 10	T	  551	0.40	1.00e+00	136976.00
  2	 29	G	  551	0.40	1.00e+00	136976.00
  2	 93	C	  550	0.40	1.00e+00	136976.00
  1	 23	T	  550	0.40	1.00e+00	136976.00
  1	100	C	  550	0.40	1.00e+00	136976.00
  3	 83	A	  550	0.40	1.00e+00	136976.00
  2	 75	A	  549	0.40	1.00e+00	136976.00
  4	 52	A	  549	0.40	1.00e+00	136976.00
  0	 10	C	  548	0.40	1.00e+00	136976.00
  4	 26	T	  548	0.40	1.00e+00	136976.00
  2	 33	A	  546	0.40	1.00e+00	136976.00
  0	129	A	  546	0.40	1.00e+00	136976.00
  3	 46	T	  545	0.40	1.00e+00	136976.00
  0	 64	G	  544	0.40	1.00e+00	136976.00
  1	 63	A	  542	0.40	1.00e+00	136976.00
  4	153	G	  542	0.40	1.00e+00	136976.00
  1	 32	T	  542	0.40	1.00e+00	136976.00
  0	 77	T	  541	0.39	1.00e+00	136976.00
  2	115	C	  540	0.39	1.00e+00	136976.00
  4	 39	A	  539	0.39	1.00e+00	136976.00
  3	152	G	  538	0.39	1.00e+00	136976.00
  3	 17	A	  538	0.39	1.00e+00	136976.00
  4	115	G	  537	0.39	1.00e+00	136976.00
  1	 83	G	  536	0.39	1.00e+00	136976.00
  0	 89	C	  533	0.39	1.00e+00	136976.00
  4	129	A	  532	0.39	1.00e+00	136976.00
  3	 52	G	  531	0.39	1.00e+00	136976.00
  2	 97	A	  531	0.39	1.00e+00	136976.00
  3	121	G	  529	0.39	1.00e+00	136976.00
  3	 24	T	  529	0.39	1.00e+00	136976.00
  3	 13	C	  529	0.39	1.00e+00	136976.00
  2	 92	C	  528	0.39	1.00e+00	136976.00
  3	109	T	  527	0.38	1.00e+00	136976.00
  2	160	T	  526	0.38	1.00e+00	136976.00
  1	117	C	  526	0.38	1.00e+00	136976.00
  2	 28	A	  524	0.38	1.00e+00	136976.00
  0	120	A	  524	0.38	1.00e+00	136976.00
  4	153	T	  523	0.38	1.00e+00	136976.00
  1	 29	A	  521	0.38	1.00e+00	136976.00
  4	122	C	  521	0.38	1.00e+00	136976.00
  4	119	G	  521	0.38	1.00e+00	136976.00
  3	 51	C	  520	0.38	1.00e+00	136976.00
  2	 81	A	  518	0.38	1.00e+00	136976.00
  3	155	A	  518	0.38	1.00e+00	136976.00
  3	 40	G	  518	0.38	1.00e+00	136976.00
  0	 33	G	  517	0.38	1.00e+00	136976.00
  0	 64	A	  516	0.38	1.00e+00	136976.00
  2	149	G	  516	0.38	1.00e+00	136976.00
  3	122	A	  516	0.38	1.00e+00	136976.00
  0	144	G	  515	0.38	1.00e+00	136976.00
  3	 37	T	  515	0.38	1.00e+00	136976.00
  3	 51	T	  513	0.37	1.00e+00	136976.00
  3	116	T	  512	0.37	1.00e+00	136976.00
  0	 73	A	  512	0.37	1.00e+00	136976.00
  2	 13	C	  512	0.37	1.00e+00	136976.00
  4	135	T	  511	0.37	1.00e+00	136976.00
  2	 86	G	  510	0.37	1.00e+00	136976.00
  3	 66	C	  510	0.37	1.00e+00	136976.00
  1	 64	C	  509	0.37	1.00e+00	136976.00
  0	 60	A	  508	0.37	1.00e+00	136976.00
  3	 58	A	  507	0.37	1.00e+00	136976.00
  4	 91	A	  507	0.37	1.00e+00	136976.00
  1	 33	A	  506	0.37	1.00e+00	136976.00
  3	 96	A	  506	0.37	1.00e+00	136976.00
  4	 34	A	  505	0.37	1.00e+00	136976.00
  3	142	C	  504	0.37	1.00e+00	136976.00
  1	103	C	  504	0.37	1.00e+00	136976.00
  3	143	T	  503	0.37	1.00e+00	136976.00
  2	 16	A	  502	0.37	1.00e+00	136976.00
  0	 78	C	  502	0.37	1.00e+00	136976.00
  0	 15	G	  501	0.37	1.00e+00	136976.00
  3	 27	G	  501	0.37	1.00e+00	136976.00
  4	155	A	  500	0.37	1.00e+00	136976.00
  0	 71	T	  499	0.36	1.00e+00	136976.00
  4	 74	C	  499	0.36	1.00e+00	136976.00
  3	  9	G	  497	0.36	1.00e+00	136976.00
  2	110	C	  497	0.36	1.00e+00	136976.00
  2	151	C	  496	0.36	1.00e+00	136976.00
  1	 25	C	  495	0.36	1.00e+00	136976.00
  3	 65	C	  495	0.36	1.00e+00	136976.00
  3	150	G	  495	0.36	1.00e+00	136976.00
  3	149	A	  493	0.36	1.00e+00	136976.00
  0	 86	A	  493	0.36	1.00e+00	136976.00
  1	162	A	  493	0.36	1.00e+00	136976.00
  0	110	A	  493	0.36	1.00e+00	136976.00
  3	136	T	  492	0.36	1.00e+00	136976.00
  0	104	A	  492	0.36	1.00e+00	136976.00
  3	167	A	  492	0.36	1.00e+00	136976.00
  1	 48	A	  491	0.36	1.00e+00	136976.00
  3	140	C	  491	0.36	1.00e+00	136976.00
  4	 40	A	  490	0.36	1.00e+00	136976.00
  2	 74	G	  490	0.36	1.00e+00	136976.00
  3	 29	C	  489	0.36	1.00e+00	136976.00
  1	129	A	  488	0.36	1.00e+00	136976.00
  1	115	G	  487	0.36	1.00e+00	136976.00
  2	 63	T	  486	0.35	1.00e+00	136976.00
  2	109	T	  484	0.35	1.00e+00	136976.00
  1	 36	G	  484	0.35	1.00e+00	136976.00
  2	 76	C	  484	0.35	1.00e+00	136976.00
  2	 94	C	  484	0.35	1.00e+00	136976.00
  0	124	C	  483	0.35	1.00e+00	136976.00
  3	157	T	  482	0.35	1.00e+00	136976.00
  4	111	A	  481	0.35	1.00e+00	136976.00
  0	 74	G	  480	0.35	1.00e+00	136976.00
  1	 10	A	  480	0.35	1.00e+00	136976.00
  3	144	C	  480	0.35	1.00e+00	136976.00
  3	 29	G	  479	0.35	1.00e+00	136976.00
  2	 14	C	  478	0.35	1.00e+00	136976.00
  4	 54	A	  478	0.35	1.00e+00	136976.00
  1	 74	G	  478	0.35	1.00e+00	136976.00
  0	107	G	  477	0.35	1.00e+00	136976.00
  1	164	T	  477	0.35	1.00e+00	136976.00
  1	 28	A	  475	0.35	1.00e+00	136976.00
  3	141	T	  475	0.35	1.00e+00	136976.00
  2	162	G	  475	0.35	1.00e+00	136976.00
  2	 36	G	  474	0.35	1.00e+00	136976.00
  3	 50	T	  473	0.35	1.00e+00	136976.00
  2	 53	T	  473	0.35	1.00e+00	136976.00
  1	109	A	  472	0.34	1.00e+00	136976.00
  3	 31	C	  471	0.34	1.00e+00	136976.00
  3	114	T	  469	0.34	1.00e+00	136976.00
  0	123	T	  469	0.34	1.00e+00	136976.00
  3	 39	G	  467	0.34	1.00e+00	136976.00
  4	 53	T	  466	0.34	1.00e+00	136976.00
  4	 18	A	  466	0.34	1.00e+00	136976.00
  3	 59	A	  465	0.34	1.00e+00	136976.00
  3	 63	C	  465	0.34	1.00e+00	136976.00
  2	127	C	  464	0.34	1.00e+00	136976.00
  3	 29	A	  463	0.34	1.00e+00	136976.00
  1	 83	A	  463	0.34	1.00e+00	136976.00
  2	 78	C	  462	0.34	1.00e+00	136976.00
  3	 91	G	  462	0.34	1.00e+00	136976.00
  4	 52	G	  462	0.34	1.00e+00	136976.00
  1	 76	T	  462	0.34	1.00e+00	136976.00
  4	168	A	  462	0.34	1.00e+00	136976.00
  1	 22	G	  462	0.34	1.00e+00	136976.00
  1	 84	A	  461	0.34	1.00e+00	136976.00
  4	 18	C	  461	0.34	1.00e+00	136976.00
  2	 91	C	  460	0.34	1.00e+00	136976.00
  1	 96	G	  460	0.34	1.00e+00	136976.00
  1	 10	T	  460	0.34	1.00e+00	136976.00
  0	115	C	  460	0.34	1.00e+00	136976.00
  0	135	C	  459	0.34	1.00e+00	136976.00
  1	 70	C	  459	0.34	1.00e+00	136976.00
  2	167	T	  459	0.34	1.00e+00	136976.00
  1	 77	T	  458	0.33	1.00e+00	136976.00
  3	 71	T	  458	0.33	1.00e+00	136976.00
  4	 81	C	  457	0.33	1.00e+00	136976.00
  4	 29	C	  456	0.33	1.00e+00	136976.00
  1	 66	A	  455	0.33	1.00e+00	136976.00
  4	137	G	  455	0.33	1.00e+00	136976.00
  1	128	G	  454	0.33	1.00e+00	136976.00
  3	 86	G	  453	0.33	1.00e+00	136976.00
  4	120	G	  453	0.33	1.00e+00	136976.00
  0	137	T	  453	0.33	1.00e+00	136976.00
  1	110	G	  452	0.33	1.00e+00	136976.00
  0	165	T	  452	0.33	1.00e+00	136976.00
  4	 61	C	  452	0.33	1.00e+00	136976.00
  4	 78	C	  452	0.33	1.00e+00	136976.00
  4	131	G	  451	0.33	1.00e+00	136976.00
  1	165	G	  449	0.33	1.00e+00	136976.00
  4	106	T	  448	0.33	1.00e+00	136976.00
  0	134	C	  448	0.33	1.00e+00	136976.00
  2	119	G	  448	0.33	1.00e+00	136976.00
  1	155	A	  448	0.33	1.00e+00	136976.00
  0	 46	C	  447	0.33	1.00e+00	136976.00
  3	146	G	  447	0.33	1.00e+00	136976.00
  0	149	G	  447	0.33	1.00e+00	136976.00
  3	126	C	  446	0.33	1.00e+00	136976.00
  1	 44	T	  445	0.32	1.00e+00	136976.00
  0	 63	T	  444	0.32	1.00e+00	136976.00
  1	130	A	  443	0.32	1.00e+00	136976.00
  2	 88	G	  443	0.32	1.00e+00	136976.00
  1	 37	C	  442	0.32	1.00e+00	136976.00
  0	 80	G	  442	0.32	1.00e+00	136976.00
  3	101	C	  442	0.32	1.00e+00	136976.00
  4	 10	T	  442	0.32	1.00e+00	136976.00
  0	 74	A	  441	0.32	1.00e+00	136976.00
  3	 19	G	  440	0.32	1.00e+00	136976.00
  0	 53	T	  440	0.32	1.00e+00	136976.00
  1	106	T	  440	0.32	1.00e+00	136976.00
  4	 44	T	  439	0.32	1.00e+00	136976.00
  3	124	C	  438	0.32	1.00e+00	136976.00
  3	 46	C	  438	0.32	1.00e+00	136976.00
  1	 76	G	  437	0.32	1.00e+00	136976.00
  4	 13	T	  437	0.32	1.00e+00	136976.00
  4	 64	A	  436	0.32	1.00e+00	136976.00
  1	 82	C	  434	0.32	1.00e+00	136976.00
  2	123	T	  434	0.32	1.00e+00	136976.00
  0	153	G	  434	0.32	1.00e+00	136976.00
  2	 62	C	  432	0.32	1.00e+00	136976.00
  1	130	G	  432	0.32	1.00e+00	136976.00
  4	157	G	  432	0.32	1.00e+00	136976.00
  4	 53	C	  432	0.32	1.00e+00	136976.00
  3	164	C	  431	0.31	1.00e+00	136976.00
  0	 56	G	  430	0.31	1.00e+00	136976.00
  2	 85	A	  429	0.31	1.00e+00	136976.00
  1	  9	C	  429	0.31	1.00e+00	136976.00
  3	 88	G	  428	0.31	1.00e+00	136976.00
  2	 83	A	  428	0.31	1.00e+00	136976.00
  4	124	C	  428	0.31	1.00e+00	136976.00
  4	 56	G	  426	0.31	1.00e+00	136976.00
  0	 61	C	  426	0.31	1.00e+00	136976.00
  4	 88	A	  426	0.31	1.00e+00	136976.00
  2	 43	C	  426	0.31	1.00e+00	136976.00
  0	 86	G	  425	0.31	1.00e+00	136976.00
  2	 84	A	  424	0.31	1.00e+00	136976.00
  0	 35	T	  424	0.31	1.00e+00	136976.00
  3	 25	G	  424	0.31	1.00e+00	136976.00
  0	 82	G	  423	0.31	1.00e+00	136976.00
  1	 79	G	  423	0.31	1.00e+00	136976.00
  4	 14	G	  423	0.31	1.00e+00	136976.00
  2	 20	G	  422	0.31	1.00e+00	136976.00
  1	156	T	  422	0.31	1.00e+00	136976.00
  0	 13	T	  421	0.31	1.00e+00	136976.00
  3	 43	C	  421	0.31	1.00e+00	136976.00
  3	112	A	  420	0.31	1.00e+00	136976.00
  1	129	G	  420	0.31	1.00e+00	136976.00
  1	 19	A	  420	0.31	1.00e+00	136976.00
  2	 38	A	  420	0.31	1.00e+00	136976.00
  4	 45	T	  420	0.31	1.00e+00	136976.00
  3	 40	A	  419	0.31	1.00e+00	136976.00
  4	 49	T	  417	0.30	1.00e+00	136976.00
  0	 17	A	  416	0.30	1.00e+00	136976.00
  4	 44	C	  416	0.30	1.00e+00	136976.00
  2	 86	A	  415	0.30	1.00e+00	136976.00
  3	 89	G	  414	0.30	1.00e+00	136976.00
  3	 32	C	  414	0.30	1.00e+00	136976.00
  2	 32	T	  411	0.30	1.00e+00	136976.00
  3	148	G	  411	0.30	1.00e+00	136976.00
  0	 39	G	  411	0.30	1.00e+00	136976.00
  1	162	G	  411	0.30	1.00e+00	136976.00
  4	 65	C	  410	0.30	1.00e+00	136976.00
  1	104	C	  410	0.30	1.00e+00	136976.00
  3	 25	A	  410	0.30	1.00e+00	136976.00
  4	153	C	  407	0.30	1.00e+00	136976.00
  1	149	G	  407	0.30	1.00e+00	136976.00
  3	 78	T	  407	0.30	1.00e+00	136976.00
  4	 56	A	  407	0.30	1.00e+00	136976.00
  4	 68	C	  406	0.30	1.00e+00	136976.00
  1	113	T	  406	0.30	1.00e+00	136976.00
  3	161	A	  405	0.30	1.00e+00	136976.00
  0	114	C	  405	0.30	1.00e+00	136976.00
  3	 31	G	  404	0.29	1.00e+00	136976.00
  4	 94	T	  404	0.29	1.00e+00	136976.00
  2	 15	A	  404	0.29	1.00e+00	136976.00
  0	 23	T	  403	0.29	1.00e+00	136976.00
  2	 58	G	  403	0.29	1.00e+00	136976.00
  0	145	G	  402	0.29	1.00e+00	136976.00
  0	 94	T	  401	0.29	1.00e+00	136976.00
  3	 28	A	  401	0.29	1.00e+00	136976.00
  0	128	A	  400	0.29	1.00e+00	136976.00
  3	136	C	  399	0.29	1.00e+00	136976.00
  2	 73	A	  398	0.29	1.00e+00	136976.00
  4	 17	A	  398	0.29	1.00e+00	136976.00
  1	 49	T	  397	0.29	1.00e+00	136976.00
  2	 22	G	  396	0.29	1.00e+00	136976.00
  1	 35	A	  393	0.29	1.00e+00	136976.00
  0	 27	C	  393	0.29	1.00e+00	136976.00
  1	 38	G	  393	0.29	1.00e+00	136976.00
  1	 87	A	  392	0.29	1.00e+00	136976.00
  4	 25	A	  391	0.29	1.00e+00	136976.00
  4	 65	T	  391	0.29	1.00e+00	136976.00
  2	103	C	  391	0.29	1.00e+00	136976.00
  1	155	C	  390	0.28	1.00e+00	136976.00
  1	 33	G	  390	0.28	1.00e+00	136976.00
  0	136	C	  390	0.28	1.00e+00	136976.00
  1	144	T	  389	0.28	1.00e+00	136976.00
  0	 26	A	  388	0.28	1.00e+00	136976.00
  4	 58	G	  387	0.28	1.00e+00	136976.00
  4	 73	G	  387	0.28	1.00e+00	136976.00
  2	147	C	  387	0.28	1.00e+00	136976.00
  3	157	C	  387	0.28	1.00e+00	136976.00
  0	 85	G	  385	0.28	1.00e+00	136976.00
  4	 86	A	  384	0.28	1.00e+00	136976.00
  3	143	C	  384	0.28	1.00e+00	136976.00
  4	 92	T	  383	0.28	1.00e+00	136976.00
  2	142	C	  382	0.28	1.00e+00	136976.00
  1	106	G	  382	0.28	1.00e+00	136976.00
  4	139	C	  382	0.28	1.00e+00	136976.00
  3	109	C	  382	0.28	1.00e+00	136976.00
  1	 49	C	  382	0.28	1.00e+00	136976.00
  2	 89	A	  381	0.28	1.00e+00	136976.00
  4	145	T	  381	0.28	1.00e+00	136976.00
  0	 84	G	  381	0.28	1.00e+00	136976.00
  0	 29	A	  380	0.28	1.00e+00	136976.00
  1	144	C	  379	0.28	1.00e+00	136976.00
  1	 18	A	  379	0.28	1.00e+00	136976.00
  4	 61	T	  378	0.28	1.00e+00	136976.00
  0	 87	G	  377	0.28	1.00e+00	136976.00
  1	 77	C	  377	0.28	1.00e+00	136976.00
  4	 19	G	  377	0.28	1.00e+00	136976.00
  3	 10	T	  376	0.27	1.00e+00	136976.00
  1	 91	T	  376	0.27	1.00e+00	136976.00
  2	 98	G	  375	0.27	1.00e+00	136976.00
  3	113	C	  375	0.27	1.00e+00	136976.00
  2	 47	C	  375	0.27	1.00e+00	136976.00
  0	138	T	  374	0.27	1.00e+00	136976.00
  2	155	C	  374	0.27	1.00e+00	136976.00
  0	 22	G	  374	0.27	1.00e+00	136976.00
  1	156	A	  372	0.27	1.00e+00	136976.00
  1	 44	C	  371	0.27	1.00e+00	136976.00
  3	110	A	  371	0.27	1.00e+00	136976.00
  2	146	A	  370	0.27	1.00e+00	136976.00
  0	 28	A	  367	0.27	1.00e+00	136976.00
  0	142	C	  367	0.27	1.00e+00	136976.00
  4	 87	A	  366	0.27	1.00e+00	136976.00
  4	 87	G	  366	0.27	1.00e+00	136976.00
  0	 92	T	  363	0.27	1.00e+00	136976.00
  2	109	C	  362	0.26	1.00e+00	136976.00
  3	110	G	  360	0.26	1.00e+00	136976.00
  3	117	C	  360	0.26	1.00e+00	136976.00
  3	 55	A	  360	0.26	1.00e+00	136976.00
  4	161	T	  359	0.26	1.00e+00	136976.00
  1	 40	A	  359	0.26	1.00e+00	136976.00
  2	 51	C	  359	0.26	1.00e+00	136976.00
  2	 87	G	  359	0.26	1.00e+00	136976.00
  0	 64	C	  359	0.26	1.00e+00	136976.00
  2	 17	A	  358	0.26	1.00e+00	136976.00
  1	  8	T	  357	0.26	1.00e+00	136976.00
  4	 54	G	  357	0.26	1.00e+00	136976.00
  3	 77	T	  357	0.26	1.00e+00	136976.00
  2	 82	A	  357	0.26	1.00e+00	136976.00
  2	 36	T	  357	0.26	1.00e+00	136976.00
  3	  6	A	  355	0.26	1.00e+00	136976.00
  2	 32	C	  355	0.26	1.00e+00	136976.00
  3	  8	A	  354	0.26	1.00e+00	136976.00
  4	154	A	  354	0.26	1.00e+00	136976.00
  1	165	T	  353	0.26	1.00e+00	136976.00
  2	 54	C	  353	0.26	1.00e+00	136976.00
  4	 23	T	  352	0.26	1.00e+00	136976.00
  3	132	C	  352	0.26	1.00e+00	136976.00
  3	 57	G	  352	0.26	1.00e+00	136976.00
  3	114	C	  351	0.26	1.00e+00	136976.00
  3	 95	C	  351	0.26	1.00e+00	136976.00
  2	  4	G	  351	0.26	1.00e+00	136976.00
  0	120	C	  351	0.26	1.00e+00	136976.00
  1	 86	G	  350	0.26	1.00e+00	136976.00
  1	 86	A	  350	0.26	1.00e+00	136976.00
  1	 36	T	  350	0.26	1.00e+00	136976.00
  1	116	G	  349	0.25	1.00e+00	136976.00
  3	 39	A	  349	0.25	1.00e+00	136976.00
  4	  9	C	  349	0.25	1.00e+00	136976.00
  2	 18	A	  349	0.25	1.00e+00	136976.00
  0	 14	T	  348	0.25	1.00e+00	136976.00
  4	  8	A	  347	0.25	1.00e+00	136976.00
  2	  4	C	  346	0.25	1.00e+00	136976.00
  3	121	A	  346	0.25	1.00e+00	136976.00
  4	  6	A	  345	0.25	1.00e+00	136976.00
  2	114	C	  345	0.25	1.00e+00	136976.00
  4	152	G	  344	0.25	1.00e+00	136976.00
  1	 12	G	  343	0.25	1.00e+00	136976.00
  4	 85	G	  342	0.25	1.00e+00	136976.00
  3	116	C	  342	0.25	1.00e+00	136976.00
  1	 25	G	  341	0.25	1.00e+00	136976.00
  2	 14	T	  340	0.25	1.00e+00	136976.00
  0	 54	A	  340	0.25	1.00e+00	136976.00
  4	 77	T	  339	0.25	1.00e+00	136976.00
  0	 98	G	  339	0.25	1.00e+00	136976.00
  0	161	C	  337	0.25	1.00e+00	136976.00
  3	 28	G	  337	0.25	1.00e+00	136976.00
  1	 17	A	  337	0.25	1.00e+00	136976.00
  4	143	C	  336	0.25	1.00e+00	136976.00
  0	 96	G	  336	0.25	1.00e+00	136976.00
  4	105	C	  335	0.24	1.00e+00	136976.00
  1	128	A	  335	0.24	1.00e+00	136976.00
  3	 92	C	  335	0.24	1.00e+00	136976.00
  2	138	T	  334	0.24	1.00e+00	136976.00
  0	 13	G	  334	0.24	1.00e+00	136976.00
  1	 51	C	  334	0.24	1.00e+00	136976.00
  3	133	C	  333	0.24	1.00e+00	136976.00
  0	 55	A	  333	0.24	1.00e+00	136976.00
  3	137	C	  333	0.24	1.00e+00	136976.00
  2	146	G	  332	0.24	1.00e+00	136976.00
  3	 54	A	  330	0.24	1.00e+00	136976.00
  1	119	G	  330	0.24	1.00e+00	136976.00
  1	110	A	  329	0.24	1.00e+00	136976.00
  1	153	G	  329	0.24	1.00e+00	136976.00
  3	 25	C	  329	0.24	1.00e+00	136976.00
  4	 59	T	  328	0.24	1.00e+00	136976.00
  1	 69	C	  327	0.24	1.00e+00	136976.00
  4	 29	A	  327	0.24	1.00e+00	136976.00
  4	 74	G	  327	0.24	1.00e+00	136976.00
  3	161	G	  326	0.24	1.00e+00	136976.00
  1	145	A	  325	0.24	1.00e+00	136976.00
  4	130	C	  325	0.24	1.00e+00	136976.00
  0	 20	C	  323	0.24	1.00e+00	136976.00
  3	 33	G	  322	0.24	1.00e+00	136976.00
  2	129	G	  322	0.24	1.00e+00	136976.00
  1	155	G	  321	0.23	1.00e+00	136976.00
  0	152	A	  321	0.23	1.00e+00	136976.00
  2	108	A	  320	0.23	1.00e+00	136976.00
  3	  7	A	  319	0.23	1.00e+00	136976.00
  0	165	C	  318	0.23	1.00e+00	136976.00
  2	164	G	  316	0.23	1.00e+00	136976.00
  3	111	A	  316	0.23	1.00e+00	136976.00
  1	 50	T	  315	0.23	1.00e+00	136976.00
  0	 13	C	  315	0.23	1.00e+00	136976.00
  3	162	A	  314	0.23	1.00e+00	136976.00
  1	 93	C	  314	0.23	1.00e+00	136976.00
  3	  4	C	  313	0.23	1.00e+00	136976.00
  0	155	C	  313	0.23	1.00e+00	136976.00
  1	 26	C	  311	0.23	1.00e+00	136976.00
  4	156	G	  309	0.23	1.00e+00	136976.00
  0	 10	T	  309	0.23	1.00e+00	136976.00
  1	151	G	  307	0.22	1.00e+00	136976.00
  0	 32	C	  306	0.22	1.00e+00	136976.00
  3	 18	G	  306	0.22	1.00e+00	136976.00
  1	 70	T	  305	0.22	1.00e+00	136976.00
  3	 71	C	  305	0.22	1.00e+00	136976.00
  0	 94	C	  305	0.22	1.00e+00	136976.00
  3	151	G	  304	0.22	1.00e+00	136976.00
  2	 13	A	  304	0.22	1.00e+00	136976.00
  2	144	G	  303	0.22	1.00e+00	136976.00
  4	144	T	  302	0.22	1.00e+00	136976.00
  0	  7	C	  301	0.22	1.00e+00	136976.00
  1	 66	G	  301	0.22	1.00e+00	136976.00
  1	158	T	  300	0.22	1.00e+00	136976.00
  3	  9	C	  300	0.22	1.00e+00	136976.00
  3	 12	G	  298	0.22	1.00e+00	136976.00
  2	 64	G	  297	0.22	1.00e+00	136976.00
  3	150	A	  296	0.22	1.00e+00	136976.00
  4	 60	A	  296	0.22	1.00e+00	136976.00
  2	 74	A	  295	0.22	1.00e+00	136976.00
  2	 46	C	  295	0.22	1.00e+00	136976.00
  3	156	T	  295	0.22	1.00e+00	136976.00
  4	138	T	  295	0.22	1.00e+00	136976.00
  3	139	C	  295	0.22	1.00e+00	136976.00
  4	 71	C	  294	0.21	1.00e+00	136976.00
  3	 17	G	  294	0.21	1.00e+00	136976.00
  2	113	C	  294	0.21	1.00e+00	136976.00
  4	 92	C	  293	0.21	1.00e+00	136976.00
  3	 35	A	  293	0.21	1.00e+00	136976.00
  4	 17	G	  293	0.21	1.00e+00	136976.00
  1	147	G	  293	0.21	1.00e+00	136976.00
  4	 70	C	  292	0.21	1.00e+00	136976.00
  2	 89	G	  292	0.21	1.00e+00	136976.00
  4	 11	G	  292	0.21	1.00e+00	136976.00
  1	 81	G	  292	0.21	1.00e+00	136976.00
  1	 92	T	  291	0.21	1.00e+00	136976.00
  2	 77	T	  291	0.21	1.00e+00	136976.00
  2	153	C	  291	0.21	1.00e+00	136976.00
  2	159	G	  291	0.21	1.00e+00	136976.00
  3	112	C	  291	0.21	1.00e+00	136976.00
  2	 90	G	  291	0.21	1.00e+00	136976.00
  4	 93	T	  288	0.21	1.00e+00	136976.00
  2	 15	G	  287	0.21	1.00e+00	136976.00
  2	 87	A	  286	0.21	1.00e+00	136976.00
  2	 88	A	  286	0.21	1.00e+00	136976.00
  1	 91	C	  284	0.21	1.00e+00	136976.00
  0	151	A	  283	0.21	1.00e+00	136976.00
  2	 40	A	  283	0.21	1.00e+00	136976.00
  2	  9	C	  283	0.21	1.00e+00	136976.00
  3	 45	C	  283	0.21	1.00e+00	136976.00
  1	 18	G	  281	0.21	1.00e+00	136976.00
  2	164	C	  280	0.20	1.00e+00	136976.00
  1	  6	A	  280	0.20	1.00e+00	136976.00
  4	 19	A	  280	0.20	1.00e+00	136976.00
  1	166	A	  280	0.20	1.00e+00	136976.00
  1	157	C	  279	0.20	1.00e+00	136976.00
  3	 72	G	  279	0.20	1.00e+00	136976.00
  0	111	G	  279	0.20	1.00e+00	136976.00
  1	 95	G	  278	0.20	1.00e+00	136976.00
  0	127	C	  278	0.20	1.00e+00	136976.00
  0	 54	G	  277	0.20	1.00e+00	136976.00
  1	 34	A	  277	0.20	1.00e+00	136976.00
  2	 50	C	  277	0.20	1.00e+00	136976.00
  4	 14	A	  277	0.20	1.00e+00	136976.00
  1	 24	T	  274	0.20	1.00e+00	136976.00
  0	105	C	  274	0.20	1.00e+00	136976.00
  1	 97	G	  273	0.20	1.00e+00	136976.00
  3	 68	C	  273	0.20	1.00e+00	136976.00
  2	 90	A	  272	0.20	1.00e+00	136976.00
  4	 72	C	  272	0.20	1.00e+00	136976.00
  4	 51	C	  272	0.20	1.00e+00	136976.00
  0	 37	C	  270	0.20	1.00e+00	136976.00
  1	 29	C	  269	0.20	1.00e+00	136976.00
  4	 55	A	  269	0.20	1.00e+00	136976.00
  2	 80	G	  268	0.20	1.00e+00	136976.00
  4	 25	G	  268	0.20	1.00e+00	136976.00
  4	109	C	  267	0.19	1.00e+00	136976.00
  0	 89	G	  267	0.19	1.00e+00	136976.00
  2	 64	A	  266	0.19	1.00e+00	136976.00
  1	  9	G	  265	0.19	1.00e+00	136976.00
  0	109	T	  265	0.19	1.00e+00	136976.00
  2	 27	C	  265	0.19	1.00e+00	136976.00
  4	143	T	  265	0.19	1.00e+00	136976.00
  0	 65	C	  264	0.19	1.00e+00	136976.00
  4	  7	A	  263	0.19	1.00e+00	136976.00
  3	 85	G	  263	0.19	1.00e+00	136976.00
  2	160	G	  262	0.19	1.00e+00	136976.00
  2	 97	G	  260	0.19	1.00e+00	136976.00
  0	 95	T	  258	0.19	1.00e+00	136976.00
  0	145	A	  256	0.19	1.00e+00	136976.00
  2	 96	A	  256	0.19	1.00e+00	136976.00
  3	 98	G	  256	0.19	1.00e+00	136976.00
  0	  2	T	  256	0.19	1.00e+00	136976.00
  1	 43	C	  253	0.18	1.00e+00	136976.00
  2	 65	C	  252	0.18	1.00e+00	136976.00
  2	151	A	  252	0.18	1.00e+00	136976.00
  4	 30	C	  252	0.18	1.00e+00	136976.00
  1	147	A	  251	0.18	1.00e+00	136976.00
  2	 77	C	  251	0.18	1.00e+00	136976.00
  4	 12	G	  251	0.18	1.00e+00	136976.00
  0	 21	C	  250	0.18	1.00e+00	136976.00
  4	125	C	  249	0.18	1.00e+00	136976.00
  1	 67	A	  249	0.18	1.00e+00	136976.00
  2	148	G	  249	0.18	1.00e+00	136976.00
  2	152	G	  247	0.18	1.00e+00	136976.00
  3	128	G	  246	0.18	1.00e+00	136976.00
  2	 13	G	  245	0.18	1.00e+00	136976.00
  0	 53	C	  245	0.18	1.00e+00	136976.00
  4	 98	G	  245	0.18	1.00e+00	136976.00
  4	117	G	  245	0.18	1.00e+00	136976.00
  3	 94	T	  245	0.18	1.00e+00	136976.00
  2	102	C	  244	0.18	1.00e+00	136976.00
  2	  3	G	  244	0.18	1.00e+00	136976.00
  1	114	C	  244	0.18	1.00e+00	136976.00
  3	 38	G	  243	0.18	1.00e+00	136976.00
  2	 78	T	  243	0.18	1.00e+00	136976.00
  4	 95	T	  242	0.18	1.00e+00	136976.00
  3	 12	T	  242	0.18	1.00e+00	136976.00
  2	105	C	  241	0.18	1.00e+00	136976.00
  4	 63	C	  239	0.17	1.00e+00	136976.00
  1	 17	G	  238	0.17	1.00e+00	136976.00
  0	137	C	  238	0.17	1.00e+00	136976.00
  1	154	C	  238	0.17	1.00e+00	136976.00
  3	158	T	  237	0.17	1.00e+00	136976.00
  3	108	A	  237	0.17	1.00e+00	136976.00
  2	137	C	  236	0.17	1.00e+00	136976.00
  3	138	T	  235	0.17	1.00e+00	136976.00
  1	 24	C	  235	0.17	1.00e+00	136976.00
  3	138	C	  233	0.17	1.00e+00	136976.00
  3	154	T	  233	0.17	1.00e+00	136976.00
  4	 97	G	  232	0.17	1.00e+00	136976.00
  4	 27	C	  232	0.17	1.00e+00	136976.00
  2	 57	G	  230	0.17	1.00e+00	136976.00
  4	 83	G	  230	0.17	1.00e+00	136976.00
  2	 95	G	  229	0.17	1.00e+00	136976.00
  4	160	T	  229	0.17	1.00e+00	136976.00
  4	 82	T	  229	0.17	1.00e+00	136976.00
  0	163	G	  228	0.17	1.00e+00	136976.00
  4	 34	G	  228	0.17	1.00e+00	136976.00
  4	 96	G	  228	0.17	1.00e+00	136976.00
  2	  7	A	  228	0.17	1.00e+00	136976.00
  0	 92	C	  227	0.17	1.00e+00	136976.00
  2	 28	G	  226	0.16	1.00e+00	136976.00
  0	111	A	  225	0.16	1.00e+00	136976.00
  3	129	G	  225	0.16	1.00e+00	136976.00
  3	 96	G	  225	0.16	1.00e+00	136976.00
  2	 11	C	  225	0.16	1.00e+00	136976.00
  4	  5	A	  223	0.16	1.00e+00	136976.00
  4	  2	A	  223	0.16	1.00e+00	136976.00
  0	119	G	  222	0.16	1.00e+00	136976.00
  4	144	C	  221	0.16	1.00e+00	136976.00
  4	 43	C	  221	0.16	1.00e+00	136976.00
  0	 36	T	  221	0.16	1.00e+00	136976.00
  1	 28	G	  221	0.16	1.00e+00	136976.00
  2	 12	C	  220	0.16	1.00e+00	136976.00
  1	 93	T	  219	0.16	1.00e+00	136976.00
  3	 14	A	  216	0.16	1.00e+00	136976.00
  4	128	G	  216	0.16	1.00e+00	136976.00
  4	141	C	  216	0.16	1.00e+00	136976.00
  0	 51	C	  216	0.16	1.00e+00	136976.00
  3	 26	C	  216	0.16	1.00e+00	136976.00
  2	  2	A	  216	0.16	1.00e+00	136976.00
  3	157	G	  216	0.16	1.00e+00	136976.00
  4	 94	C	  215	0.16	1.00e+00	136976.00
  3	 53	G	  215	0.16	1.00e+00	136976.00
  2	157	T	  214	0.16	1.00e+00	136976.00
  2	 17	G	  213	0.16	1.00e+00	136976.00
  2	164	T	  211	0.15	1.00e+00	136976.00
  4	158	G	  211	0.15	1.00e+00	136976.00
  2	152	A	  211	0.15	1.00e+00	136976.00
  4	164	G	  211	0.15	1.00e+00	136976.00
  3	159	C	  210	0.15	1.00e+00	136976.00
  0	  4	C	  210	0.15	1.00e+00	136976.00
  3	120	G	  209	0.15	1.00e+00	136976.00
  4	 50	C	  208	0.15	1.00e+00	136976.00
  3	 13	T	  208	0.15	1.00e+00	136976.00
  3	156	C	  208	0.15	1.00e+00	136976.00
  1	 11	G	  207	0.15	1.00e+00	136976.00
  1	 39	G	  206	0.15	1.00e+00	136976.00
  4	 11	T	  205	0.15	1.00e+00	136976.00
  4	 46	C	  205	0.15	1.00e+00	136976.00
  0	156	T	  203	0.15	1.00e+00	136976.00
  2	 23	T	  203	0.15	1.00e+00	136976.00
  3	 73	G	  203	0.15	1.00e+00	136976.00
  1	167	C	  202	0.15	1.00e+00	136976.00
  0	159	G	  202	0.15	1.00e+00	136976.00
  0	  3	G	  202	0.15	1.00e+00	136976.00
  3	  2	A	  202	0.15	1.00e+00	136976.00
  0	 63	C	  202	0.15	1.00e+00	136976.00
  2	118	G	  202	0.15	1.00e+00	136976.00
  4	  5	C	  201	0.15	1.00e+00	136976.00
  2	145	A	  201	0.15	1.00e+00	136976.00
  3	 11	G	  201	0.15	1.00e+00	136976.00
  2	 34	A	  201	0.15	1.00e+00	136976.00
  1	101	C	  200	0.15	1.00e+00	136976.00
  3	 35	G	  199	0.15	1.00e+00	136976.00
  0	106	C	  197	0.14	1.00e+00	136976.00
  0	156	C	  195	0.14	1.00e+00	136976.00
  1	150	G	  195	0.14	1.00e+00	136976.00
  4	158	C	  195	0.14	1.00e+00	136976.00
  1	 32	C	  195	0.14	1.00e+00	136976.00
  3	103	C	  194	0.14	1.00e+00	136976.00
  0	152	G	  194	0.14	1.00e+00	136976.00
  3	  3	C	  194	0.14	1.00e+00	136976.00
  4	166	T	  193	0.14	1.00e+00	136976.00
  0	 11	T	  193	0.14	1.00e+00	136976.00
  2	 54	T	  190	0.14	1.00e+00	136976.00
  2	 56	G	  190	0.14	1.00e+00	136976.00
  4	102	C	  189	0.14	1.00e+00	136976.00
  2	151	G	  189	0.14	1.00e+00	136976.00
  2	 19	G	  188	0.14	1.00e+00	136976.00
  0	 71	C	  187	0.14	1.00e+00	136976.00
  0	 45	C	  187	0.14	1.00e+00	136976.00
  2	148	A	  187	0.14	1.00e+00	136976.00
  3	151	A	  187	0.14	1.00e+00	136976.00
  0	129	G	  184	0.13	1.00e+00	136976.00
  3	106	C	  184	0.13	1.00e+00	136976.00
  3	115	C	  184	0.13	1.00e+00	136976.00
  2	120	G	  182	0.13	1.00e+00	136976.00
  3	125	C	  182	0.13	1.00e+00	136976.00
  4	107	C	  180	0.13	1.00e+00	136976.00
  4	159	G	  178	0.13	1.00e+00	136976.00
  3	 12	C	  177	0.13	1.00e+00	136976.00
  3	 70	C	  177	0.13	1.00e+00	136976.00
  3	  2	T	  177	0.13	1.00e+00	136976.00
  2	 11	T	  176	0.13	1.00e+00	136976.00
  0	126	C	  176	0.13	1.00e+00	136976.00
  1	102	C	  174	0.13	1.00e+00	136976.00
  1	108	T	  172	0.13	1.00e+00	136976.00
  0	  6	A	  171	0.12	1.00e+00	136976.00
  2	 38	G	  171	0.12	1.00e+00	136976.00
  3	105	C	  171	0.12	1.00e+00	136976.00
  3	111	G	  170	0.12	1.00e+00	136976.00
  1	  2	A	  170	0.12	1.00e+00	136976.00
  4	 38	G	  170	0.12	1.00e+00	136976.00
  2	 55	G	  169	0.12	1.00e+00	136976.00
  3	  5	C	  168	0.12	1.00e+00	136976.00
  4	 28	A	  168	0.12	1.00e+00	136976.00
  0	 24	T	  167	0.12	1.00e+00	136976.00
  3	102	C	  167	0.12	1.00e+00	136976.00
  3	165	G	  167	0.12	1.00e+00	136976.00
  2	 24	C	  166	0.12	1.00e+00	136976.00
  2	150	G	  166	0.12	1.00e+00	136976.00
  0	 25	A	  166	0.12	1.00e+00	136976.00
  3	 56	G	  165	0.12	1.00e+00	136976.00
  0	146	T	  164	0.12	1.00e+00	136976.00
  0	158	C	  164	0.12	1.00e+00	136976.00
  4	166	C	  163	0.12	1.00e+00	136976.00
  0	  2	A	  163	0.12	1.00e+00	136976.00
  1	 10	C	  163	0.12	1.00e+00	136976.00
  0	118	G	  161	0.12	1.00e+00	136976.00
  1	154	T	  159	0.12	1.00e+00	136976.00
  3	147	G	  159	0.12	1.00e+00	136976.00
  2	  7	G	  158	0.12	1.00e+00	136976.00
  3	166	C	  158	0.12	1.00e+00	136976.00
  2	  5	C	  158	0.12	1.00e+00	136976.00
  4	 18	G	  156	0.11	1.00e+00	136976.00
  3	 95	T	  156	0.11	1.00e+00	136976.00
  3	 81	G	  155	0.11	1.00e+00	136976.00
  4	 24	C	  154	0.11	1.00e+00	136976.00
  1	146	T	  153	0.11	1.00e+00	136976.00
  1	167	G	  153	0.11	1.00e+00	136976.00
  4	168	C	  152	0.11	1.00e+00	136976.00
  3	 67	C	  152	0.11	1.00e+00	136976.00
  2	 67	C	  151	0.11	1.00e+00	136976.00
  2	 96	G	  150	0.11	1.00e+00	136976.00
  2	 63	C	  149	0.11	1.00e+00	136976.00
  2	 12	T	  148	0.11	1.00e+00	136976.00
  0	117	G	  148	0.11	1.00e+00	136976.00
  1	 85	G	  147	0.11	1.00e+00	136976.00
  4	 12	C	  146	0.11	1.00e+00	136976.00
  2	 34	G	  146	0.11	1.00e+00	136976.00
  0	107	C	  145	0.11	1.00e+00	136976.00
  0	 50	C	  145	0.11	1.00e+00	136976.00
  0	164	A	  145	0.11	1.00e+00	136976.00
  2	167	G	  145	0.11	1.00e+00	136976.00
  4	165	G	  144	0.11	1.00e+00	136976.00
  1	 50	C	  144	0.11	1.00e+00	136976.00
  1	106	C	  142	0.10	1.00e+00	136976.00
  4	150	G	  139	0.10	1.00e+00	136976.00
  0	160	A	  138	0.10	1.00e+00	136976.00
  3	162	G	  137	0.10	1.00e+00	136976.00
  1	166	G	  137	0.10	1.00e+00	136976.00
  4	164	T	  137	0.10	1.00e+00	136976.00
  3	 34	G	  137	0.10	1.00e+00	136976.00
  1	 67	G	  136	0.10	1.00e+00	136976.00
  2	165	T	  136	0.10	1.00e+00	136976.00
  3	 36	G	  136	0.10	1.00e+00	136976.00
  1	 11	T	  134	0.10	1.00e+00	136976.00
  2	145	G	  134	0.10	1.00e+00	136976.00
  2	106	C	  134	0.10	1.00e+00	136976.00
  4	149	G	  132	0.10	1.00e+00	136976.00
  3	 11	C	  131	0.10	1.00e+00	136976.00
  0	158	T	  131	0.10	1.00e+00	136976.00
  1	  2	G	  129	0.09	1.00e+00	136976.00
  2	 16	G	  126	0.09	1.00e+00	136976.00
  2	  3	T	  125	0.09	1.00e+00	136976.00
  2	 45	C	  123	0.09	1.00e+00	136976.00
  3	166	G	  123	0.09	1.00e+00	136976.00
  1	157	T	  120	0.09	1.00e+00	136976.00
  4	158	T	  120	0.09	1.00e+00	136976.00
  3	 94	C	  119	0.09	1.00e+00	136976.00
  4	155	G	  118	0.09	1.00e+00	136976.00
  3	158	C	  118	0.09	1.00e+00	136976.00
  3	  2	G	  118	0.09	1.00e+00	136976.00
  3	 58	G	  117	0.09	1.00e+00	136976.00
  3	166	A	  116	0.08	1.00e+00	136976.00
  2	163	G	  115	0.08	1.00e+00	136976.00
  3	 50	C	  114	0.08	1.00e+00	136976.00
  4	  3	G	  114	0.08	1.00e+00	136976.00
  3	107	C	  114	0.08	1.00e+00	136976.00
  4	 67	C	  114	0.08	1.00e+00	136976.00
  0	157	T	  112	0.08	1.00e+00	136976.00
  4	 55	G	  112	0.08	1.00e+00	136976.00
  3	 54	G	  112	0.08	1.00e+00	136976.00
  4	  2	T	  110	0.08	1.00e+00	136976.00
  2	167	A	  110	0.08	1.00e+00	136976.00
  2	107	C	  110	0.08	1.00e+00	136976.00
  1	 82	G	  109	0.08	1.00e+00	136976.00
  3	 82	G	  108	0.08	1.00e+00	136976.00
  2	 81	G	  108	0.08	1.00e+00	136976.00
  2	 85	G	  107	0.08	1.00e+00	136976.00
  2	  2	T	  106	0.08	1.00e+00	136976.00
  3	 24	C	  106	0.08	1.00e+00	136976.00
  3	135	C	  105	0.08	1.00e+00	136976.00
  1	  5	C	  103	0.08	1.00e+00	136976.00
  0	151	G	  102	0.07	1.00e+00	136976.00
  4	  3	T	  102	0.07	1.00e+00	136976.00
  3	 15	G	  102	0.07	1.00e+00	136976.00
  1	158	C	  102	0.07	1.00e+00	136976.00
  1	 34	G	  100	0.07	1.00e+00	136976.00
  0	  4	A	   99	0.07	1.00e+00	136976.00
  3	 83	G	   98	0.07	1.00e+00	136976.00
  0	  4	G	   98	0.07	1.00e+00	136976.00
  2	 18	G	   98	0.07	1.00e+00	136976.00
  0	 36	C	   97	0.07	1.00e+00	136976.00
  2	157	C	   96	0.07	1.00e+00	136976.00
  0	120	G	   96	0.07	1.00e+00	136976.00
  1	 45	C	   94	0.07	1.00e+00	136976.00
  4	129	G	   93	0.07	1.00e+00	136976.00
  3	167	T	   91	0.07	1.00e+00	136976.00
  0	 25	G	   91	0.07	1.00e+00	136976.00
  1	 13	C	   89	0.06	1.00e+00	136976.00
  2	159	T	   88	0.06	1.00e+00	136976.00
  0	  6	G	   88	0.06	1.00e+00	136976.00
  1	 84	G	   87	0.06	1.00e+00	136976.00
  1	161	G	   87	0.06	1.00e+00	136976.00
  3	 55	G	   86	0.06	1.00e+00	136976.00
  4	 45	C	   86	0.06	1.00e+00	136976.00
  2	158	C	   85	0.06	1.00e+00	136976.00
  0	108	A	   85	0.06	1.00e+00	136976.00
  2	  4	A	   85	0.06	1.00e+00	136976.00
  1	  4	A	   85	0.06	1.00e+00	136976.00
  4	  6	G	   84	0.06	1.00e+00	136976.00
  2	  6	G	   84	0.06	1.00e+00	136976.00
  1	 15	G	   83	0.06	1.00e+00	136976.00
  2	 83	G	   81	0.06	1.00e+00	136976.00
  4	167	A	   80	0.06	1.00e+00	136976.00
  3	  7	G	   79	0.06	1.00e+00	136976.00
  4	154	G	   78	0.06	1.00e+00	136976.00
  4	165	T	   78	0.06	1.00e+00	136976.00
  2	165	G	   76	0.06	1.00e+00	136976.00
  4	 15	G	   75	0.05	1.00e+00	136976.00
  4	  7	G	   75	0.05	1.00e+00	136976.00
  0	160	G	   73	0.05	1.00e+00	136976.00
  3	  5	A	   73	0.05	1.00e+00	136976.00
  1	  5	A	   72	0.05	1.00e+00	136976.00
  4	  3	C	   71	0.05	1.00e+00	136976.00
  4	 11	C	   70	0.05	1.00e+00	136976.00
  1	  3	G	   69	0.05	1.00e+00	136976.00
  1	163	C	   69	0.05	1.00e+00	136976.00
  1	  3	T	   68	0.05	1.00e+00	136976.00
  2	  5	A	   68	0.05	1.00e+00	136976.00
  0	  2	G	   67	0.05	1.00e+00	136976.00
  4	  2	G	   66	0.05	1.00e+00	136976.00
  1	 12	T	   66	0.05	1.00e+00	136976.00
  1	165	C	   66	0.05	1.00e+00	136976.00
  3	163	C	   66	0.05	1.00e+00	136976.00
  0	 24	C	   65	0.05	1.00e+00	136976.00
  0	  9	C	   63	0.05	1.00e+00	136976.00
  0	162	G	   63	0.05	1.00e+00	136976.00
  0	  5	A	   62	0.05	1.00e+00	136976.00
  1	107	A	   62	0.05	1.00e+00	136976.00
  1	 12	C	   61	0.04	1.00e+00	136976.00
  4	160	C	   59	0.04	1.00e+00	136976.00
  1	 11	C	   58	0.04	1.00e+00	136976.00
  0	163	C	   58	0.04	1.00e+00	136976.00
  3	  3	G	   53	0.04	1.00e+00	136976.00
  2	  3	C	   50	0.04	1.00e+00	136976.00
  2	159	C	   50	0.04	1.00e+00	136976.00
  3	 11	T	   49	0.04	1.00e+00	136976.00
  3	  4	A	   48	0.04	1.00e+00	136976.00
  4	 12	T	   48	0.04	1.00e+00	136976.00
  0	162	A	   46	0.03	1.00e+00	136976.00
  2	166	T	   43	0.03	1.00e+00	136976.00
  2	158	T	   42	0.03	1.00e+00	136976.00
  4	  5	G	   40	0.03	1.00e+00	136976.00
  1	  4	G	   39	0.03	1.00e+00	136976.00
  0	163	T	   39	0.03	1.00e+00	136976.00
  0	150	G	   38	0.03	1.00e+00	136976.00
  4	167	G	   35	0.03	1.00e+00	136976.00
  4	165	C	   35	0.03	1.00e+00	136976.00
  4	  4	A	   35	0.03	1.00e+00	136976.00
  2	165	C	   33	0.02	1.00e+00	136976.00
  1	  3	C	   31	0.02	1.00e+00	136976.00
  3	165	C	   28	0.02	1.00e+00	136976.00
  2	  2	G	   27	0.02	1.00e+00	136976.00
  3	165	T	   26	0.02	1.00e+00	136976.00
  0	157	C	   26	0.02	1.00e+00	136976.00
  3	  4	G	   24	0.02	1.00e+00	136976.00
  4	  4	G	   22	0.02	1.00e+00	136976.00
  3	  6	G	   19	0.01	1.00e+00	136976.00
  1	167	T	   19	0.01	1.00e+00	136976.00
  0	  5	G	   15	0.01	1.00e+00	136976.00
  0	  3	C	   14	0.01	1.00e+00	136976.00
  3	  3	T	   13	0.01	1.00e+00	136976.00
  4	159	T	   12	0.01	1.00e+00	136976.00
  2	168	G	   12	0.01	1.00e+00	136976.00
  4	159	C	   12	0.01	1.00e+00	136976.00
  0	  3	T	   11	0.01	1.00e+00	136976.00
  2	168	T	    4	0.00	1.00e+00	136976.00
  2	  5	G	    4	0.00	1.00e+00	136976.00
  3	  5	G	    3	0.00	1.00e+00	136976.00

