# Variants on HOR units of type: 5m2-8 / 82
midx	pos	bas	count	freq	   p-val	 cfd.
  1	156	C	   70	85.37	1.11e-16	   0.00
  2	 16	A	   68	82.93	1.11e-16	   0.00
  1	 17	T	   66	80.49	1.11e-16	   0.00
  2	 76	G	   62	75.61	1.11e-16	   0.00
  2	 29	G	   60	73.17	1.11e-16	   0.00
  2	 72	A	   60	73.17	1.11e-16	   0.00
  2	 25	G	   59	71.95	1.11e-16	   0.00
  4	 76	T	   57	69.51	1.11e-16	   0.00
  2	 19	T	   56	68.29	1.11e-16	   0.00
  2	 59	A	   56	68.29	1.11e-16	   0.00
  2	 79	T	   56	68.29	1.11e-16	   0.00
  0	154	T	   52	63.41	1.11e-16	   0.00
  2	 54	A	   52	63.41	1.11e-16	   0.00
  2	 17	A	   50	60.98	1.11e-16	   0.00
  3	113	A	   46	56.10	1.11e-16	   0.00
  3	149	A	   46	56.10	1.11e-16	   0.00
  1	163	C	   45	54.88	1.11e-16	   0.00
  4	151	A	   44	53.66	1.11e-16	   0.00
  1	  9	A	   37	45.12	1.11e-16	   0.00
  3	124	G	   36	43.90	1.11e-16	   0.00
  2	 43	G	   34	41.46	1.11e-16	   0.00
  2	 42	T	   33	40.24	1.11e-16	   0.00
  2	 41	A	   32	39.02	1.11e-16	   0.00
  2	 39	C	   24	29.27	1.11e-16	   0.00
  3	  8	G	   20	24.39	3.28e-14	   0.00
  2	 43	T	   16	19.51	3.25e-10	   0.00
  2	 42	A	   16	19.51	3.25e-10	   0.00
  2	127	T	   15	18.29	2.73e-09	   0.00
  2	 39	A	   12	14.63	1.02e-06	   0.00
  2	 60	A	   11	13.41	6.24e-06	   0.00
  1	 10	A	   11	13.41	6.24e-06	   0.00
  1	161	C	   10	12.20	3.48e-05	   0.00
  2	 74	G	   10	12.20	3.48e-05	   0.00
  0	 52	A	   10	12.20	3.48e-05	   0.00
  0	122	C	    9	10.98	1.76e-04	   0.01
  4	148	A	    9	10.98	1.76e-04	   0.01
  3	113	T	    8	9.76	8.00e-04	   0.07
  4	150	A	    7	8.54	3.25e-03	   0.27
  0	103	A	    6	7.32	1.17e-02	   0.96
  3	 75	T	    6	7.32	1.17e-02	   0.96
  4	151	T	    6	7.32	1.17e-02	   0.96
  2	 17	T	    6	7.32	1.17e-02	   0.96
  2	 38	A	    6	7.32	1.17e-02	   0.96
  2	 77	G	    6	7.32	1.17e-02	   0.96
  3	112	A	    5	6.10	3.69e-02	   3.03
  0	141	C	    5	6.10	3.69e-02	   3.03
  1	142	A	    5	6.10	3.69e-02	   3.03
  2	 45	G	    5	6.10	3.69e-02	   3.03
  2	 40	A	    5	6.10	3.69e-02	   3.03
  2	 55	C	    4	4.88	1.00e-01	   8.24
  3	 76	A	    4	4.88	1.00e-01	   8.24
  4	160	A	    4	4.88	1.00e-01	   8.24
  0	 75	G	    4	4.88	1.00e-01	   8.24
  3	135	T	    4	4.88	1.00e-01	   8.24
  2	 76	A	    4	4.88	1.00e-01	   8.24
  3	114	A	    4	4.88	1.00e-01	   8.24
  1	109	T	    4	4.88	1.00e-01	   8.24
  3	 89	G	    4	4.88	1.00e-01	   8.24
  4	159	C	    4	4.88	1.00e-01	   8.24
  3	 44	A	    4	4.88	1.00e-01	   8.24
  3	137	G	    4	4.88	1.00e-01	   8.24
  3	141	C	    4	4.88	1.00e-01	   8.24
  0	 48	G	    4	4.88	1.00e-01	   8.24
  0	150	C	    3	3.66	2.32e-01	  19.03
  4	132	G	    3	3.66	2.32e-01	  19.03
  3	149	T	    3	3.66	2.32e-01	  19.03
  2	 21	T	    3	3.66	2.32e-01	  19.03
  2	 71	A	    3	3.66	2.32e-01	  19.03
  4	125	T	    3	3.66	2.32e-01	  19.03
  4	144	T	    3	3.66	2.32e-01	  19.03
  0	 92	T	    3	3.66	2.32e-01	  19.03
  0	156	A	    3	3.66	2.32e-01	  19.03
  2	 79	C	    3	3.66	2.32e-01	  19.03
  0	154	A	    3	3.66	2.32e-01	  19.03
  0	 66	A	    3	3.66	2.32e-01	  19.03
  3	 86	G	    3	3.66	2.32e-01	  19.03
  1	155	C	    3	3.66	2.32e-01	  19.03
  2	 80	T	    3	3.66	2.32e-01	  19.03
  1	 61	G	    3	3.66	2.32e-01	  19.03
  1	134	G	    3	3.66	2.32e-01	  19.03
  2	 27	G	    3	3.66	2.32e-01	  19.03
  2	 28	A	    3	3.66	2.32e-01	  19.03
  3	 74	C	    3	3.66	2.32e-01	  19.03
  3	102	G	    3	3.66	2.32e-01	  19.03
  1	 86	G	    3	3.66	2.32e-01	  19.03
  0	140	A	    3	3.66	2.32e-01	  19.03
  0	106	A	    3	3.66	2.32e-01	  19.03
  2	 73	A	    3	3.66	2.32e-01	  19.03
  0	 71	A	    3	3.66	2.32e-01	  19.03
  3	154	A	    3	3.66	2.32e-01	  19.03
  4	 71	T	    3	3.66	2.32e-01	  19.03
  1	  4	C	    3	3.66	2.32e-01	  19.03
  2	 41	T	    3	3.66	2.32e-01	  19.03
  2	 42	G	    3	3.66	2.32e-01	  19.03
  3	150	A	    3	3.66	2.32e-01	  19.03
  3	152	T	    3	3.66	2.32e-01	  19.03
  1	135	T	    3	3.66	2.32e-01	  19.03
  1	 29	G	    3	3.66	2.32e-01	  19.03
  2	 46	A	    3	3.66	2.32e-01	  19.03
  2	126	T	    3	3.66	2.32e-01	  19.03
  2	128	T	    3	3.66	2.32e-01	  19.03
  0	 56	T	    3	3.66	2.32e-01	  19.03
  1	 53	C	    3	3.66	2.32e-01	  19.03
  2	 55	A	    3	3.66	2.32e-01	  19.03
  0	 76	A	    3	3.66	2.32e-01	  19.03
  2	147	G	    3	3.66	2.32e-01	  19.03
  2	 48	G	    3	3.66	2.32e-01	  19.03
  2	 49	A	    3	3.66	2.32e-01	  19.03
  2	 89	G	    3	3.66	2.32e-01	  19.03
  2	 90	T	    3	3.66	2.32e-01	  19.03
  3	 65	T	    3	3.66	2.32e-01	  19.03
  4	118	A	    3	3.66	2.32e-01	  19.03
  1	 21	T	    3	3.66	2.32e-01	  19.03
  2	148	C	    3	3.66	2.32e-01	  19.03
  0	 49	A	    3	3.66	2.32e-01	  19.03
  1	 57	T	    3	3.66	2.32e-01	  19.03
  1	140	G	    3	3.66	2.32e-01	  19.03
  3	 64	A	    3	3.66	2.32e-01	  19.03
  2	154	A	    3	3.66	2.32e-01	  19.03
  2	 52	A	    3	3.66	2.32e-01	  19.03
  2	 78	T	    3	3.66	2.32e-01	  19.03
  4	148	T	    3	3.66	2.32e-01	  19.03
  2	 39	G	    3	3.66	2.32e-01	  19.03
  0	 49	T	    3	3.66	2.32e-01	  19.03
  0	 18	C	    3	3.66	2.32e-01	  19.03
  0	 13	C	    2	2.44	4.48e-01	  36.71
  3	 60	C	    2	2.44	4.48e-01	  36.71
  4	 26	T	    2	2.44	4.48e-01	  36.71
  4	 50	G	    2	2.44	4.48e-01	  36.71
  4	 76	G	    2	2.44	4.48e-01	  36.71
  0	101	T	    2	2.44	4.48e-01	  36.71
  0	136	T	    2	2.44	4.48e-01	  36.71
  1	 16	T	    2	2.44	4.48e-01	  36.71
  1	112	G	    2	2.44	4.48e-01	  36.71
  1	114	A	    2	2.44	4.48e-01	  36.71
  1	125	A	    2	2.44	4.48e-01	  36.71
  1	127	G	    2	2.44	4.48e-01	  36.71
  4	112	G	    2	2.44	4.48e-01	  36.71
  1	 51	C	    2	2.44	4.48e-01	  36.71
  1	 90	T	    2	2.44	4.48e-01	  36.71
  2	 85	C	    2	2.44	4.48e-01	  36.71
  3	134	G	    2	2.44	4.48e-01	  36.71
  3	151	C	    2	2.44	4.48e-01	  36.71
  4	 20	G	    2	2.44	4.48e-01	  36.71
  4	 64	T	    2	2.44	4.48e-01	  36.71
  1	 82	A	    2	2.44	4.48e-01	  36.71
  1	124	G	    2	2.44	4.48e-01	  36.71
  2	 25	A	    2	2.44	4.48e-01	  36.71
  3	 36	T	    2	2.44	4.48e-01	  36.71
  2	 60	C	    2	2.44	4.48e-01	  36.71
  3	 29	T	    2	2.44	4.48e-01	  36.71
  4	 53	T	    2	2.44	4.48e-01	  36.71
  0	 14	T	    2	2.44	4.48e-01	  36.71
  0	 18	G	    2	2.44	4.48e-01	  36.71
  1	 83	C	    2	2.44	4.48e-01	  36.71
  2	157	T	    2	2.44	4.48e-01	  36.71
  4	  3	C	    2	2.44	4.48e-01	  36.71
  2	 81	T	    2	2.44	4.48e-01	  36.71
  2	 84	T	    2	2.44	4.48e-01	  36.71
  4	 35	A	    2	2.44	4.48e-01	  36.71
  0	 57	T	    2	2.44	4.48e-01	  36.71
  1	 84	T	    2	2.44	4.48e-01	  36.71
  2	119	G	    2	2.44	4.48e-01	  36.71
  4	 36	C	    2	2.44	4.48e-01	  36.71
  2	132	T	    2	2.44	4.48e-01	  36.71
  4	127	T	    2	2.44	4.48e-01	  36.71
  1	106	C	    2	2.44	4.48e-01	  36.71
  3	 25	G	    2	2.44	4.48e-01	  36.71
  3	 26	A	    2	2.44	4.48e-01	  36.71
  0	 47	A	    2	2.44	4.48e-01	  36.71
  1	 89	C	    2	2.44	4.48e-01	  36.71
  2	 24	C	    2	2.44	4.48e-01	  36.71
  2	 25	C	    2	2.44	4.48e-01	  36.71
  3	 14	C	    2	2.44	4.48e-01	  36.71
  3	 71	T	    2	2.44	4.48e-01	  36.71
  3	106	A	    2	2.44	4.48e-01	  36.71
  0	 96	A	    2	2.44	4.48e-01	  36.71
  0	120	C	    2	2.44	4.48e-01	  36.71
  0	143	A	    2	2.44	4.48e-01	  36.71
  0	144	T	    2	2.44	4.48e-01	  36.71
  3	 24	G	    2	2.44	4.48e-01	  36.71
  0	102	G	    2	2.44	4.48e-01	  36.71
  0	111	T	    2	2.44	4.48e-01	  36.71
  2	136	T	    2	2.44	4.48e-01	  36.71
  2	137	G	    2	2.44	4.48e-01	  36.71
  0	 72	G	    2	2.44	4.48e-01	  36.71
  1	 39	C	    2	2.44	4.48e-01	  36.71
  1	 40	T	    2	2.44	4.48e-01	  36.71
  2	141	A	    2	2.44	4.48e-01	  36.71
  4	  9	C	    2	2.44	4.48e-01	  36.71
  4	 37	T	    2	2.44	4.48e-01	  36.71
  1	109	C	    2	2.44	4.48e-01	  36.71
  1	110	G	    2	2.44	4.48e-01	  36.71
  2	 16	T	    2	2.44	4.48e-01	  36.71
  2	 73	G	    2	2.44	4.48e-01	  36.71
  2	166	C	    2	2.44	4.48e-01	  36.71
  3	155	T	    2	2.44	4.48e-01	  36.71
  1	113	T	    2	2.44	4.48e-01	  36.71
  3	124	C	    2	2.44	4.48e-01	  36.71
  4	 17	T	    2	2.44	4.48e-01	  36.71
  4	 18	C	    2	2.44	4.48e-01	  36.71
  4	157	C	    2	2.44	4.48e-01	  36.71
  2	 37	C	    2	2.44	4.48e-01	  36.71
  3	 28	G	    2	2.44	4.48e-01	  36.71
  4	110	A	    2	2.44	4.48e-01	  36.71
  2	124	C	    2	2.44	4.48e-01	  36.71
  2	158	T	    2	2.44	4.48e-01	  36.71
  3	114	T	    2	2.44	4.48e-01	  36.71
  1	 77	G	    2	2.44	4.48e-01	  36.71
  1	128	T	    2	2.44	4.48e-01	  36.71
  4	 79	A	    2	2.44	4.48e-01	  36.71
  4	117	C	    2	2.44	4.48e-01	  36.71
  3	 16	C	    2	2.44	4.48e-01	  36.71
  1	 55	C	    2	2.44	4.48e-01	  36.71
  1	102	G	    2	2.44	4.48e-01	  36.71
  3	 14	T	    2	2.44	4.48e-01	  36.71
  0	 55	A	    2	2.44	4.48e-01	  36.71
  1	 97	T	    2	2.44	4.48e-01	  36.71
  3	 45	G	    2	2.44	4.48e-01	  36.71
  0	103	C	    2	2.44	4.48e-01	  36.71
  2	  5	C	    2	2.44	4.48e-01	  36.71
  2	114	A	    2	2.44	4.48e-01	  36.71
  2	 71	T	    2	2.44	4.48e-01	  36.71
  2	146	A	    2	2.44	4.48e-01	  36.71
  3	 87	G	    2	2.44	4.48e-01	  36.71
  4	 28	G	    2	2.44	4.48e-01	  36.71
  0	 29	G	    2	2.44	4.48e-01	  36.71
  0	 51	C	    2	2.44	4.48e-01	  36.71
  3	 57	T	    2	2.44	4.48e-01	  36.71
  0	 47	G	    2	2.44	4.48e-01	  36.71
  1	118	C	    2	2.44	4.48e-01	  36.71
  3	 67	G	    2	2.44	4.48e-01	  36.71
  3	143	A	    2	2.44	4.48e-01	  36.71
  3	144	T	    2	2.44	4.48e-01	  36.71
  0	 82	T	    2	2.44	4.48e-01	  36.71
  0	162	A	    2	2.44	4.48e-01	  36.71
  1	107	G	    2	2.44	4.48e-01	  36.71
  2	115	G	    2	2.44	4.48e-01	  36.71
  2	116	A	    2	2.44	4.48e-01	  36.71
  2	126	C	    2	2.44	4.48e-01	  36.71
  2	162	A	    2	2.44	4.48e-01	  36.71
  4	 21	T	    2	2.44	4.48e-01	  36.71
  4	119	C	    2	2.44	4.48e-01	  36.71
  0	 98	G	    2	2.44	4.48e-01	  36.71
  1	 99	C	    2	2.44	4.48e-01	  36.71
  3	 66	A	    2	2.44	4.48e-01	  36.71
  4	105	G	    2	2.44	4.48e-01	  36.71
  3	 28	A	    2	2.44	4.48e-01	  36.71
  3	106	C	    2	2.44	4.48e-01	  36.71
  0	151	G	    2	2.44	4.48e-01	  36.71
  1	  5	G	    2	2.44	4.48e-01	  36.71
  2	 40	T	    2	2.44	4.48e-01	  36.71
  2	149	T	    2	2.44	4.48e-01	  36.71
  3	113	C	    2	2.44	4.48e-01	  36.71
  3	120	G	    2	2.44	4.48e-01	  36.71
  4	 16	C	    2	2.44	4.48e-01	  36.71
  4	126	G	    2	2.44	4.48e-01	  36.71
  0	130	G	    2	2.44	4.48e-01	  36.71
  2	123	A	    2	2.44	4.48e-01	  36.71
  4	 61	T	    2	2.44	4.48e-01	  36.71
  0	 40	T	    2	2.44	4.48e-01	  36.71
  1	 13	C	    2	2.44	4.48e-01	  36.71
  2	 53	C	    2	2.44	4.48e-01	  36.71
  3	 88	G	    2	2.44	4.48e-01	  36.71
  0	  7	G	    2	2.44	4.48e-01	  36.71
  4	 58	G	    2	2.44	4.48e-01	  36.71
  2	 72	G	    2	2.44	4.48e-01	  36.71
  1	 28	G	    2	2.44	4.48e-01	  36.71
  1	 89	G	    2	2.44	4.48e-01	  36.71
  2	 61	G	    2	2.44	4.48e-01	  36.71
  1	119	T	    2	2.44	4.48e-01	  36.71
  4	 70	T	    2	2.44	4.48e-01	  36.71
  0	 58	C	    2	2.44	4.48e-01	  36.71
  4	 10	A	    2	2.44	4.48e-01	  36.71
  0	 34	C	    2	2.44	4.48e-01	  36.71
  3	161	T	    2	2.44	4.48e-01	  36.71
  0	102	C	    2	2.44	4.48e-01	  36.71
  1	156	G	    2	2.44	4.48e-01	  36.71
  2	 31	G	    2	2.44	4.48e-01	  36.71
  0	 80	A	    2	2.44	4.48e-01	  36.71
  4	 48	G	    2	2.44	4.48e-01	  36.71
  4	152	C	    2	2.44	4.48e-01	  36.71
  4	 97	G	    2	2.44	4.48e-01	  36.71
  4	 11	G	    2	2.44	4.48e-01	  36.71
  1	137	G	    2	2.44	4.48e-01	  36.71
  2	 54	G	    2	2.44	4.48e-01	  36.71
  0	104	T	    2	2.44	4.48e-01	  36.71
  0	116	A	    2	2.44	4.48e-01	  36.71
  2	 97	T	    2	2.44	4.48e-01	  36.71
  3	 77	C	    2	2.44	4.48e-01	  36.71
  3	117	G	    2	2.44	4.48e-01	  36.71
  3	137	C	    2	2.44	4.48e-01	  36.71
  1	156	A	    2	2.44	4.48e-01	  36.71
  0	135	T	    2	2.44	4.48e-01	  36.71
  1	 15	G	    2	2.44	4.48e-01	  36.71
  0	 33	A	    2	2.44	4.48e-01	  36.71
  0	 38	A	    2	2.44	4.48e-01	  36.71
  4	 66	G	    2	2.44	4.48e-01	  36.71
  1	 98	G	    2	2.44	4.48e-01	  36.71
  0	 19	T	    2	2.44	4.48e-01	  36.71
  0	 59	G	    2	2.44	4.48e-01	  36.71
  3	159	A	    2	2.44	4.48e-01	  36.71
  3	 27	T	    2	2.44	4.48e-01	  36.71
  3	126	A	    2	2.44	4.48e-01	  36.71
  0	139	C	    2	2.44	4.48e-01	  36.71
  4	 77	T	    2	2.44	4.48e-01	  36.71
  3	140	A	    2	2.44	4.48e-01	  36.71
  3	110	A	    2	2.44	4.48e-01	  36.71
  4	 41	G	    2	2.44	4.48e-01	  36.71
  2	151	C	    1	1.22	7.09e-01	  58.14
  3	 42	T	    1	1.22	7.09e-01	  58.14
  4	 25	A	    1	1.22	7.09e-01	  58.14
  4	 49	T	    1	1.22	7.09e-01	  58.14
  4	 68	T	    1	1.22	7.09e-01	  58.14
  4	 69	C	    1	1.22	7.09e-01	  58.14
  4	124	C	    1	1.22	7.09e-01	  58.14
  0	151	C	    1	1.22	7.09e-01	  58.14
  0	152	A	    1	1.22	7.09e-01	  58.14
  1	 20	G	    1	1.22	7.09e-01	  58.14
  2	 96	A	    1	1.22	7.09e-01	  58.14
  4	131	C	    1	1.22	7.09e-01	  58.14
  0	136	A	    1	1.22	7.09e-01	  58.14
  0	137	C	    1	1.22	7.09e-01	  58.14
  1	 18	G	    1	1.22	7.09e-01	  58.14
  1	 85	C	    1	1.22	7.09e-01	  58.14
  1	160	T	    1	1.22	7.09e-01	  58.14
  2	 38	G	    1	1.22	7.09e-01	  58.14
  4	 78	C	    1	1.22	7.09e-01	  58.14
  4	107	C	    1	1.22	7.09e-01	  58.14
  4	108	T	    1	1.22	7.09e-01	  58.14
  4	109	C	    1	1.22	7.09e-01	  58.14
  4	135	A	    1	1.22	7.09e-01	  58.14
  0	143	T	    1	1.22	7.09e-01	  58.14
  1	  9	T	    1	1.22	7.09e-01	  58.14
  1	123	A	    1	1.22	7.09e-01	  58.14
  2	 18	A	    1	1.22	7.09e-01	  58.14
  2	 35	T	    1	1.22	7.09e-01	  58.14
  2	 36	C	    1	1.22	7.09e-01	  58.14
  2	146	T	    1	1.22	7.09e-01	  58.14
  3	 15	G	    1	1.22	7.09e-01	  58.14
  3	 34	G	    1	1.22	7.09e-01	  58.14
  3	 53	T	    1	1.22	7.09e-01	  58.14
  3	 54	A	    1	1.22	7.09e-01	  58.14
  4	 81	T	    1	1.22	7.09e-01	  58.14
  4	127	G	    1	1.22	7.09e-01	  58.14
  4	143	A	    1	1.22	7.09e-01	  58.14
  0	 94	G	    1	1.22	7.09e-01	  58.14
  4	 51	C	    1	1.22	7.09e-01	  58.14
  0	101	C	    1	1.22	7.09e-01	  58.14
  0	129	A	    1	1.22	7.09e-01	  58.14
  1	 69	G	    1	1.22	7.09e-01	  58.14
  1	 70	C	    1	1.22	7.09e-01	  58.14
  1	 84	A	    1	1.22	7.09e-01	  58.14
  1	 86	A	    1	1.22	7.09e-01	  58.14
  2	156	A	    1	1.22	7.09e-01	  58.14
  3	 46	A	    1	1.22	7.09e-01	  58.14
  3	 55	C	    1	1.22	7.09e-01	  58.14
  3	 56	A	    1	1.22	7.09e-01	  58.14
  3	160	G	    1	1.22	7.09e-01	  58.14
  0	142	A	    1	1.22	7.09e-01	  58.14
  2	152	T	    1	1.22	7.09e-01	  58.14
  3	141	A	    1	1.22	7.09e-01	  58.14
  4	  5	C	    1	1.22	7.09e-01	  58.14
  4	 30	A	    1	1.22	7.09e-01	  58.14
  4	 34	C	    1	1.22	7.09e-01	  58.14
  4	 83	T	    1	1.22	7.09e-01	  58.14
  0	 67	G	    1	1.22	7.09e-01	  58.14
  2	 65	C	    1	1.22	7.09e-01	  58.14
  2	118	T	    1	1.22	7.09e-01	  58.14
  3	 83	T	    1	1.22	7.09e-01	  58.14
  3	 85	C	    1	1.22	7.09e-01	  58.14
  4	 86	A	    1	1.22	7.09e-01	  58.14
  3	137	T	    1	1.22	7.09e-01	  58.14
  0	128	A	    1	1.22	7.09e-01	  58.14
  1	  6	A	    1	1.22	7.09e-01	  58.14
  1	136	A	    1	1.22	7.09e-01	  58.14
  2	125	A	    1	1.22	7.09e-01	  58.14
  2	134	G	    1	1.22	7.09e-01	  58.14
  2	135	T	    1	1.22	7.09e-01	  58.14
  3	  4	A	    1	1.22	7.09e-01	  58.14
  3	 13	C	    1	1.22	7.09e-01	  58.14
  2	 62	T	    1	1.22	7.09e-01	  58.14
  4	 46	T	    1	1.22	7.09e-01	  58.14
  0	 27	G	    1	1.22	7.09e-01	  58.14
  0	 28	A	    1	1.22	7.09e-01	  58.14
  0	119	T	    1	1.22	7.09e-01	  58.14
  1	 21	A	    1	1.22	7.09e-01	  58.14
  1	 22	A	    1	1.22	7.09e-01	  58.14
  3	 28	C	    1	1.22	7.09e-01	  58.14
  3	 30	A	    1	1.22	7.09e-01	  58.14
  0	 95	C	    1	1.22	7.09e-01	  58.14
  0	110	A	    1	1.22	7.09e-01	  58.14
  3	117	T	    1	1.22	7.09e-01	  58.14
  3	118	C	    1	1.22	7.09e-01	  58.14
  4	 53	A	    1	1.22	7.09e-01	  58.14
  4	 64	C	    1	1.22	7.09e-01	  58.14
  0	 13	G	    1	1.22	7.09e-01	  58.14
  0	 14	C	    1	1.22	7.09e-01	  58.14
  0	112	G	    1	1.22	7.09e-01	  58.14
  1	  6	T	    1	1.22	7.09e-01	  58.14
  3	101	T	    1	1.22	7.09e-01	  58.14
  0	  2	A	    1	1.22	7.09e-01	  58.14
  0	 37	G	    1	1.22	7.09e-01	  58.14
  0	 67	C	    1	1.22	7.09e-01	  58.14
  0	 74	G	    1	1.22	7.09e-01	  58.14
  0	 84	T	    1	1.22	7.09e-01	  58.14
  0	109	G	    1	1.22	7.09e-01	  58.14
  0	122	G	    1	1.22	7.09e-01	  58.14
  0	123	T	    1	1.22	7.09e-01	  58.14
  1	 62	T	    1	1.22	7.09e-01	  58.14
  1	158	G	    1	1.22	7.09e-01	  58.14
  3	 88	A	    1	1.22	7.09e-01	  58.14
  4	 13	A	    1	1.22	7.09e-01	  58.14
  4	 14	T	    1	1.22	7.09e-01	  58.14
  4	127	A	    1	1.22	7.09e-01	  58.14
  0	 84	A	    1	1.22	7.09e-01	  58.14
  0	146	A	    1	1.22	7.09e-01	  58.14
  1	147	C	    1	1.22	7.09e-01	  58.14
  1	155	G	    1	1.22	7.09e-01	  58.14
  2	 19	G	    1	1.22	7.09e-01	  58.14
  4	161	G	    1	1.22	7.09e-01	  58.14
  0	108	G	    1	1.22	7.09e-01	  58.14
  4	156	T	    1	1.22	7.09e-01	  58.14
  3	124	T	    1	1.22	7.09e-01	  58.14
  4	161	T	    1	1.22	7.09e-01	  58.14
  1	 46	T	    1	1.22	7.09e-01	  58.14
  3	 35	A	    1	1.22	7.09e-01	  58.14
  3	 51	T	    1	1.22	7.09e-01	  58.14
  3	 52	A	    1	1.22	7.09e-01	  58.14
  3	103	A	    1	1.22	7.09e-01	  58.14
  4	 76	A	    1	1.22	7.09e-01	  58.14
  0	100	A	    1	1.22	7.09e-01	  58.14
  1	 69	A	    1	1.22	7.09e-01	  58.14
  1	 76	C	    1	1.22	7.09e-01	  58.14
  1	129	G	    1	1.22	7.09e-01	  58.14
  4	 82	T	    1	1.22	7.09e-01	  58.14
  4	130	T	    1	1.22	7.09e-01	  58.14
  4	141	C	    1	1.22	7.09e-01	  58.14
  4	142	T	    1	1.22	7.09e-01	  58.14
  1	 34	C	    1	1.22	7.09e-01	  58.14
  1	 35	A	    1	1.22	7.09e-01	  58.14
  3	 17	T	    1	1.22	7.09e-01	  58.14
  3	115	G	    1	1.22	7.09e-01	  58.14
  4	131	T	    1	1.22	7.09e-01	  58.14
  1	 57	G	    1	1.22	7.09e-01	  58.14
  1	145	T	    1	1.22	7.09e-01	  58.14
  3	 90	T	    1	1.22	7.09e-01	  58.14
  4	 74	G	    1	1.22	7.09e-01	  58.14
  4	123	A	    1	1.22	7.09e-01	  58.14
  0	149	A	    1	1.22	7.09e-01	  58.14
  1	 37	G	    1	1.22	7.09e-01	  58.14
  1	 52	G	    1	1.22	7.09e-01	  58.14
  1	 98	C	    1	1.22	7.09e-01	  58.14
  2	  8	A	    1	1.22	7.09e-01	  58.14
  2	 56	G	    1	1.22	7.09e-01	  58.14
  3	 47	G	    1	1.22	7.09e-01	  58.14
  3	 48	G	    1	1.22	7.09e-01	  58.14
  3	 49	C	    1	1.22	7.09e-01	  58.14
  3	 50	T	    1	1.22	7.09e-01	  58.14
  0	107	T	    1	1.22	7.09e-01	  58.14
  1	 90	G	    1	1.22	7.09e-01	  58.14
  2	 23	A	    1	1.22	7.09e-01	  58.14
  2	 24	G	    1	1.22	7.09e-01	  58.14
  0	 14	A	    1	1.22	7.09e-01	  58.14
  0	135	A	    1	1.22	7.09e-01	  58.14
  0	152	T	    1	1.22	7.09e-01	  58.14
  1	106	A	    1	1.22	7.09e-01	  58.14
  1	107	T	    1	1.22	7.09e-01	  58.14
  1	115	C	    1	1.22	7.09e-01	  58.14
  1	133	A	    1	1.22	7.09e-01	  58.14
  2	  6	T	    1	1.22	7.09e-01	  58.14
  2	 27	C	    1	1.22	7.09e-01	  58.14
  2	 62	A	    1	1.22	7.09e-01	  58.14
  2	 63	T	    1	1.22	7.09e-01	  58.14
  2	115	C	    1	1.22	7.09e-01	  58.14
  3	 62	C	    1	1.22	7.09e-01	  58.14
  1	 78	C	    1	1.22	7.09e-01	  58.14
  1	 85	A	    1	1.22	7.09e-01	  58.14
  1	126	C	    1	1.22	7.09e-01	  58.14
  1	129	A	    1	1.22	7.09e-01	  58.14
  2	 47	G	    1	1.22	7.09e-01	  58.14
  2	 48	A	    1	1.22	7.09e-01	  58.14
  2	 64	G	    1	1.22	7.09e-01	  58.14
  2	104	G	    1	1.22	7.09e-01	  58.14
  2	111	G	    1	1.22	7.09e-01	  58.14
  3	 19	G	    1	1.22	7.09e-01	  58.14
  3	 20	A	    1	1.22	7.09e-01	  58.14
  3	 21	T	    1	1.22	7.09e-01	  58.14
  3	 39	A	    1	1.22	7.09e-01	  58.14
  3	 67	C	    1	1.22	7.09e-01	  58.14
  4	 19	C	    1	1.22	7.09e-01	  58.14
  4	129	C	    1	1.22	7.09e-01	  58.14
  4	146	C	    1	1.22	7.09e-01	  58.14
  1	 14	A	    1	1.22	7.09e-01	  58.14
  1	112	A	    1	1.22	7.09e-01	  58.14
  2	119	T	    1	1.22	7.09e-01	  58.14
  3	140	T	    1	1.22	7.09e-01	  58.14
  0	 15	A	    1	1.22	7.09e-01	  58.14
  0	 30	C	    1	1.22	7.09e-01	  58.14
  0	149	T	    1	1.22	7.09e-01	  58.14
  1	 65	G	    1	1.22	7.09e-01	  58.14
  1	 66	T	    1	1.22	7.09e-01	  58.14
  1	123	T	    1	1.22	7.09e-01	  58.14
  3	 59	C	    1	1.22	7.09e-01	  58.14
  4	 98	C	    1	1.22	7.09e-01	  58.14
  4	 99	A	    1	1.22	7.09e-01	  58.14
  2	 57	T	    1	1.22	7.09e-01	  58.14
  2	 58	A	    1	1.22	7.09e-01	  58.14
  2	126	A	    1	1.22	7.09e-01	  58.14
  3	 72	G	    1	1.22	7.09e-01	  58.14
  4	 54	C	    1	1.22	7.09e-01	  58.14
  0	142	C	    1	1.22	7.09e-01	  58.14
  1	 15	A	    1	1.22	7.09e-01	  58.14
  1	 86	C	    1	1.22	7.09e-01	  58.14
  1	108	A	    1	1.22	7.09e-01	  58.14
  4	 77	C	    1	1.22	7.09e-01	  58.14
  0	 24	C	    1	1.22	7.09e-01	  58.14
  0	 31	A	    1	1.22	7.09e-01	  58.14
  0	 83	C	    1	1.22	7.09e-01	  58.14
  0	116	T	    1	1.22	7.09e-01	  58.14
  0	157	C	    1	1.22	7.09e-01	  58.14
  1	 23	A	    1	1.22	7.09e-01	  58.14
  1	 62	A	    1	1.22	7.09e-01	  58.14
  1	108	T	    1	1.22	7.09e-01	  58.14
  1	133	T	    1	1.22	7.09e-01	  58.14
  1	134	A	    1	1.22	7.09e-01	  58.14
  1	135	A	    1	1.22	7.09e-01	  58.14
  2	 49	T	    1	1.22	7.09e-01	  58.14
  2	 84	G	    1	1.22	7.09e-01	  58.14
  2	 86	C	    1	1.22	7.09e-01	  58.14
  2	128	A	    1	1.22	7.09e-01	  58.14
  2	144	C	    1	1.22	7.09e-01	  58.14
  3	 11	T	    1	1.22	7.09e-01	  58.14
  3	116	T	    1	1.22	7.09e-01	  58.14
  4	 62	C	    1	1.22	7.09e-01	  58.14
  4	112	C	    1	1.22	7.09e-01	  58.14
  1	 93	A	    1	1.22	7.09e-01	  58.14
  1	 98	A	    1	1.22	7.09e-01	  58.14
  2	 29	A	    1	1.22	7.09e-01	  58.14
  2	 30	T	    1	1.22	7.09e-01	  58.14
  2	112	A	    1	1.22	7.09e-01	  58.14
  2	136	C	    1	1.22	7.09e-01	  58.14
  3	 15	A	    1	1.22	7.09e-01	  58.14
  3	 80	A	    1	1.22	7.09e-01	  58.14
  3	132	C	    1	1.22	7.09e-01	  58.14
  3	165	A	    1	1.22	7.09e-01	  58.14
  4	 80	C	    1	1.22	7.09e-01	  58.14
  4	 81	A	    1	1.22	7.09e-01	  58.14
  4	 89	T	    1	1.22	7.09e-01	  58.14
  2	 78	C	    1	1.22	7.09e-01	  58.14
  3	 30	T	    1	1.22	7.09e-01	  58.14
  3	 31	G	    1	1.22	7.09e-01	  58.14
  3	 95	C	    1	1.22	7.09e-01	  58.14
  4	116	G	    1	1.22	7.09e-01	  58.14
  4	151	G	    1	1.22	7.09e-01	  58.14
  4	153	A	    1	1.22	7.09e-01	  58.14
  0	110	G	    1	1.22	7.09e-01	  58.14
  0	111	A	    1	1.22	7.09e-01	  58.14
  1	 30	T	    1	1.22	7.09e-01	  58.14
  4	 72	G	    1	1.22	7.09e-01	  58.14
  4	128	C	    1	1.22	7.09e-01	  58.14
  0	 28	T	    1	1.22	7.09e-01	  58.14
  3	109	C	    1	1.22	7.09e-01	  58.14
  2	 34	G	    1	1.22	7.09e-01	  58.14
  3	 93	T	    1	1.22	7.09e-01	  58.14
  1	 66	A	    1	1.22	7.09e-01	  58.14
  1	 67	G	    1	1.22	7.09e-01	  58.14
  2	149	G	    1	1.22	7.09e-01	  58.14
  4	 31	A	    1	1.22	7.09e-01	  58.14
  4	 32	T	    1	1.22	7.09e-01	  58.14
  2	 66	T	    1	1.22	7.09e-01	  58.14
  2	 91	G	    1	1.22	7.09e-01	  58.14
  2	124	G	    1	1.22	7.09e-01	  58.14
  2	143	G	    1	1.22	7.09e-01	  58.14
  4	 58	C	    1	1.22	7.09e-01	  58.14
  1	 14	T	    1	1.22	7.09e-01	  58.14
  1	144	C	    1	1.22	7.09e-01	  58.14
  2	 72	C	    1	1.22	7.09e-01	  58.14
  2	155	T	    1	1.22	7.09e-01	  58.14
  1	 49	T	    1	1.22	7.09e-01	  58.14
  4	100	C	    1	1.22	7.09e-01	  58.14
  3	 22	G	    1	1.22	7.09e-01	  58.14
  3	142	T	    1	1.22	7.09e-01	  58.14
  4	125	A	    1	1.22	7.09e-01	  58.14
  0	 64	A	    1	1.22	7.09e-01	  58.14
  0	 65	T	    1	1.22	7.09e-01	  58.14
  1	 87	G	    1	1.22	7.09e-01	  58.14
  1	119	A	    1	1.22	7.09e-01	  58.14
  2	129	G	    1	1.22	7.09e-01	  58.14
  3	 92	G	    1	1.22	7.09e-01	  58.14
  4	 34	G	    1	1.22	7.09e-01	  58.14
  0	113	T	    1	1.22	7.09e-01	  58.14
  1	 21	C	    1	1.22	7.09e-01	  58.14
  1	 22	G	    1	1.22	7.09e-01	  58.14
  2	109	C	    1	1.22	7.09e-01	  58.14
  3	 64	G	    1	1.22	7.09e-01	  58.14
  3	 68	T	    1	1.22	7.09e-01	  58.14
  3	 76	T	    1	1.22	7.09e-01	  58.14
  4	 88	T	    1	1.22	7.09e-01	  58.14
  0	122	A	    1	1.22	7.09e-01	  58.14
  0	132	C	    1	1.22	7.09e-01	  58.14
  2	 37	T	    1	1.22	7.09e-01	  58.14
  2	136	A	    1	1.22	7.09e-01	  58.14
  3	112	G	    1	1.22	7.09e-01	  58.14
  0	 22	A	    1	1.22	7.09e-01	  58.14
  0	 23	C	    1	1.22	7.09e-01	  58.14
  1	 19	G	    1	1.22	7.09e-01	  58.14
  1	 40	A	    1	1.22	7.09e-01	  58.14
  1	 52	A	    1	1.22	7.09e-01	  58.14
  2	 10	A	    1	1.22	7.09e-01	  58.14
  2	 41	G	    1	1.22	7.09e-01	  58.14
  2	112	C	    1	1.22	7.09e-01	  58.14
  2	164	G	    1	1.22	7.09e-01	  58.14
  2	165	A	    1	1.22	7.09e-01	  58.14
  4	 33	A	    1	1.22	7.09e-01	  58.14
  4	 70	A	    1	1.22	7.09e-01	  58.14
  0	 86	C	    1	1.22	7.09e-01	  58.14
  1	165	A	    1	1.22	7.09e-01	  58.14
  2	 44	A	    1	1.22	7.09e-01	  58.14
  2	 96	G	    1	1.22	7.09e-01	  58.14
  3	  5	G	    1	1.22	7.09e-01	  58.14
  4	 54	G	    1	1.22	7.09e-01	  58.14
  4	128	G	    1	1.22	7.09e-01	  58.14
  4	143	G	    1	1.22	7.09e-01	  58.14
  0	110	C	    1	1.22	7.09e-01	  58.14
  3	  8	A	    1	1.22	7.09e-01	  58.14
  3	 12	C	    1	1.22	7.09e-01	  58.14
  4	 24	C	    1	1.22	7.09e-01	  58.14
  0	 44	A	    1	1.22	7.09e-01	  58.14
  0	 57	A	    1	1.22	7.09e-01	  58.14
  0	150	A	    1	1.22	7.09e-01	  58.14
  2	 56	T	    1	1.22	7.09e-01	  58.14
  4	 40	A	    1	1.22	7.09e-01	  58.14
  4	 92	T	    1	1.22	7.09e-01	  58.14
  0	 77	G	    1	1.22	7.09e-01	  58.14
  0	113	C	    1	1.22	7.09e-01	  58.14
  1	 92	G	    1	1.22	7.09e-01	  58.14
  2	 70	C	    1	1.22	7.09e-01	  58.14
  2	146	C	    1	1.22	7.09e-01	  58.14
  3	 23	T	    1	1.22	7.09e-01	  58.14
  3	 70	C	    1	1.22	7.09e-01	  58.14
  3	109	T	    1	1.22	7.09e-01	  58.14
  3	129	G	    1	1.22	7.09e-01	  58.14
  4	 64	G	    1	1.22	7.09e-01	  58.14
  4	146	T	    1	1.22	7.09e-01	  58.14
  1	 17	A	    1	1.22	7.09e-01	  58.14
  1	 26	T	    1	1.22	7.09e-01	  58.14
  1	 28	C	    1	1.22	7.09e-01	  58.14
  2	 62	C	    1	1.22	7.09e-01	  58.14
  2	 75	C	    1	1.22	7.09e-01	  58.14
  3	 73	G	    1	1.22	7.09e-01	  58.14
  3	132	T	    1	1.22	7.09e-01	  58.14
  4	 86	C	    1	1.22	7.09e-01	  58.14
  4	113	T	    1	1.22	7.09e-01	  58.14
  0	 16	G	    1	1.22	7.09e-01	  58.14
  0	 93	A	    1	1.22	7.09e-01	  58.14
  0	154	G	    1	1.22	7.09e-01	  58.14
  1	 35	G	    1	1.22	7.09e-01	  58.14
  1	 46	C	    1	1.22	7.09e-01	  58.14
  1	 73	C	    1	1.22	7.09e-01	  58.14
  1	146	A	    1	1.22	7.09e-01	  58.14
  1	161	T	    1	1.22	7.09e-01	  58.14
  2	 69	A	    1	1.22	7.09e-01	  58.14
  2	130	T	    1	1.22	7.09e-01	  58.14
  3	 97	T	    1	1.22	7.09e-01	  58.14
  3	 98	C	    1	1.22	7.09e-01	  58.14
  4	 18	G	    1	1.22	7.09e-01	  58.14
  4	109	G	    1	1.22	7.09e-01	  58.14
  4	116	A	    1	1.22	7.09e-01	  58.14
  0	 11	G	    1	1.22	7.09e-01	  58.14
  0	166	C	    1	1.22	7.09e-01	  58.14
  1	157	C	    1	1.22	7.09e-01	  58.14
  2	 51	C	    1	1.22	7.09e-01	  58.14
  2	 79	G	    1	1.22	7.09e-01	  58.14
  2	112	G	    1	1.22	7.09e-01	  58.14
  2	149	A	    1	1.22	7.09e-01	  58.14
  3	 11	C	    1	1.22	7.09e-01	  58.14
  3	 96	A	    1	1.22	7.09e-01	  58.14
  3	126	C	    1	1.22	7.09e-01	  58.14
  4	 94	G	    1	1.22	7.09e-01	  58.14
  4	145	A	    1	1.22	7.09e-01	  58.14
  0	148	A	    1	1.22	7.09e-01	  58.14
  1	 82	G	    1	1.22	7.09e-01	  58.14
  1	145	C	    1	1.22	7.09e-01	  58.14
  2	122	G	    1	1.22	7.09e-01	  58.14
  2	155	C	    1	1.22	7.09e-01	  58.14
  2	156	C	    1	1.22	7.09e-01	  58.14
  3	 32	T	    1	1.22	7.09e-01	  58.14
  3	104	C	    1	1.22	7.09e-01	  58.14
  3	163	G	    1	1.22	7.09e-01	  58.14
  4	 69	G	    1	1.22	7.09e-01	  58.14
  0	 35	A	    1	1.22	7.09e-01	  58.14
  0	 72	A	    1	1.22	7.09e-01	  58.14
  1	 96	A	    1	1.22	7.09e-01	  58.14
  2	153	C	    1	1.22	7.09e-01	  58.14
  3	 90	A	    1	1.22	7.09e-01	  58.14
  0	105	T	    1	1.22	7.09e-01	  58.14
  1	 38	A	    1	1.22	7.09e-01	  58.14
  1	 52	T	    1	1.22	7.09e-01	  58.14
  2	 20	G	    1	1.22	7.09e-01	  58.14
  2	 21	C	    1	1.22	7.09e-01	  58.14
  2	120	C	    1	1.22	7.09e-01	  58.14
  2	133	T	    1	1.22	7.09e-01	  58.14
  3	105	A	    1	1.22	7.09e-01	  58.14
  3	131	A	    1	1.22	7.09e-01	  58.14
  4	 29	C	    1	1.22	7.09e-01	  58.14
  4	 30	T	    1	1.22	7.09e-01	  58.14
  4	 89	C	    1	1.22	7.09e-01	  58.14
  1	 77	T	    1	1.22	7.09e-01	  58.14
  1	132	T	    1	1.22	7.09e-01	  58.14
  2	 56	A	    1	1.22	7.09e-01	  58.14
  3	136	A	    1	1.22	7.09e-01	  58.14
  4	121	G	    1	1.22	7.09e-01	  58.14
  3	141	T	    1	1.22	7.09e-01	  58.14
  0	 39	C	    1	1.22	7.09e-01	  58.14
  0	121	C	    1	1.22	7.09e-01	  58.14
  1	114	C	    1	1.22	7.09e-01	  58.14
  1	162	A	    1	1.22	7.09e-01	  58.14
  2	  5	G	    1	1.22	7.09e-01	  58.14
  2	 76	T	    1	1.22	7.09e-01	  58.14
  3	 65	C	    1	1.22	7.09e-01	  58.14
  4	 23	A	    1	1.22	7.09e-01	  58.14
  4	 61	A	    1	1.22	7.09e-01	  58.14
  4	164	T	    1	1.22	7.09e-01	  58.14
  1	 27	G	    1	1.22	7.09e-01	  58.14
  1	146	G	    1	1.22	7.09e-01	  58.14
  2	 33	G	    1	1.22	7.09e-01	  58.14
  2	154	G	    1	1.22	7.09e-01	  58.14
  3	111	G	    1	1.22	7.09e-01	  58.14
  0	 21	T	    1	1.22	7.09e-01	  58.14
  0	163	C	    1	1.22	7.09e-01	  58.14
  1	 94	T	    1	1.22	7.09e-01	  58.14
  2	 57	G	    1	1.22	7.09e-01	  58.14
  2	 58	C	    1	1.22	7.09e-01	  58.14
  3	162	G	    1	1.22	7.09e-01	  58.14
  4	 14	C	    1	1.22	7.09e-01	  58.14
  4	 15	A	    1	1.22	7.09e-01	  58.14
  4	 23	T	    1	1.22	7.09e-01	  58.14
  0	 39	A	    1	1.22	7.09e-01	  58.14
  0	100	G	    1	1.22	7.09e-01	  58.14
  0	101	G	    1	1.22	7.09e-01	  58.14
  0	119	A	    1	1.22	7.09e-01	  58.14
  1	165	T	    1	1.22	7.09e-01	  58.14
  3	 86	A	    1	1.22	7.09e-01	  58.14
  3	155	G	    1	1.22	7.09e-01	  58.14
  4	 52	A	    1	1.22	7.09e-01	  58.14
  0	 77	T	    1	1.22	7.09e-01	  58.14
  0	 85	G	    1	1.22	7.09e-01	  58.14
  0	133	A	    1	1.22	7.09e-01	  58.14
  0	141	A	    1	1.22	7.09e-01	  58.14
  1	 57	A	    1	1.22	7.09e-01	  58.14
  2	 52	T	    1	1.22	7.09e-01	  58.14
  2	108	A	    1	1.22	7.09e-01	  58.14
  4	 57	T	    1	1.22	7.09e-01	  58.14
  0	 17	G	    1	1.22	7.09e-01	  58.14
  2	 29	C	    1	1.22	7.09e-01	  58.14
  2	 47	A	    1	1.22	7.09e-01	  58.14
  3	 56	T	    1	1.22	7.09e-01	  58.14
  3	 57	C	    1	1.22	7.09e-01	  58.14
  3	119	T	    1	1.22	7.09e-01	  58.14
  3	154	G	    1	1.22	7.09e-01	  58.14
  4	142	G	    1	1.22	7.09e-01	  58.14
  4	144	C	    1	1.22	7.09e-01	  58.14
  0	 16	A	    1	1.22	7.09e-01	  58.14
  1	 33	A	    1	1.22	7.09e-01	  58.14
  1	163	A	    1	1.22	7.09e-01	  58.14
  2	139	G	    1	1.22	7.09e-01	  58.14
  0	 90	G	    1	1.22	7.09e-01	  58.14
  0	140	G	    1	1.22	7.09e-01	  58.14
  1	 20	A	    1	1.22	7.09e-01	  58.14
  2	113	T	    1	1.22	7.09e-01	  58.14
  4	142	A	    1	1.22	7.09e-01	  58.14
  0	 87	C	    1	1.22	7.09e-01	  58.14
  0	 88	T	    1	1.22	7.09e-01	  58.14
  1	 10	T	    1	1.22	7.09e-01	  58.14
  1	120	C	    1	1.22	7.09e-01	  58.14
  4	108	G	    1	1.22	7.09e-01	  58.14
  4	109	A	    1	1.22	7.09e-01	  58.14
  0	 71	T	    1	1.22	7.09e-01	  58.14
  0	 97	T	    1	1.22	7.09e-01	  58.14
  0	148	G	    1	1.22	7.09e-01	  58.14
  0	155	T	    1	1.22	7.09e-01	  58.14
  2	 98	C	    1	1.22	7.09e-01	  58.14
  2	102	G	    1	1.22	7.09e-01	  58.14
  2	103	A	    1	1.22	7.09e-01	  58.14
  2	114	C	    1	1.22	7.09e-01	  58.14
  3	 27	G	    1	1.22	7.09e-01	  58.14
  3	 35	C	    1	1.22	7.09e-01	  58.14
  3	139	C	    1	1.22	7.09e-01	  58.14
  4	114	T	    1	1.22	7.09e-01	  58.14
  4	115	A	    1	1.22	7.09e-01	  58.14
  0	 19	G	    1	1.22	7.09e-01	  58.14
  0	 33	G	    1	1.22	7.09e-01	  58.14
  0	153	T	    1	1.22	7.09e-01	  58.14
  1	 30	A	    1	1.22	7.09e-01	  58.14
  2	139	C	    1	1.22	7.09e-01	  58.14
  3	152	A	    1	1.22	7.09e-01	  58.14
  3	155	C	    1	1.22	7.09e-01	  58.14
  4	 19	A	    1	1.22	7.09e-01	  58.14
  4	 25	G	    1	1.22	7.09e-01	  58.14
  4	 37	G	    1	1.22	7.09e-01	  58.14
  0	 20	G	    1	1.22	7.09e-01	  58.14
  0	107	G	    1	1.22	7.09e-01	  58.14
  1	130	T	    1	1.22	7.09e-01	  58.14
  3	 18	C	    1	1.22	7.09e-01	  58.14
  3	105	T	    1	1.22	7.09e-01	  58.14
  3	127	G	    1	1.22	7.09e-01	  58.14
  3	128	A	    1	1.22	7.09e-01	  58.14
  4	 71	C	    1	1.22	7.09e-01	  58.14
  4	 90	G	    1	1.22	7.09e-01	  58.14
  4	139	T	    1	1.22	7.09e-01	  58.14
  0	 94	C	    1	1.22	7.09e-01	  58.14
  0	137	G	    1	1.22	7.09e-01	  58.14
  3	163	C	    1	1.22	7.09e-01	  58.14
  4	 39	A	    1	1.22	7.09e-01	  58.14
  2	 38	T	    1	1.22	7.09e-01	  58.14
  4	124	T	    1	1.22	7.09e-01	  58.14
  0	106	T	    1	1.22	7.09e-01	  58.14
  0	157	T	    1	1.22	7.09e-01	  58.14
  3	 85	T	    1	1.22	7.09e-01	  58.14
  4	134	G	    1	1.22	7.09e-01	  58.14
  2	 84	A	    1	1.22	7.09e-01	  58.14
  2	108	C	    1	1.22	7.09e-01	  58.14
  4	101	C	    1	1.22	7.09e-01	  58.14
  4	113	A	    1	1.22	7.09e-01	  58.14
  0	 39	G	    1	1.22	7.09e-01	  58.14
  0	 54	G	    1	1.22	7.09e-01	  58.14
  1	 81	T	    1	1.22	7.09e-01	  58.14
  2	 50	G	    1	1.22	7.09e-01	  58.14
  2	106	A	    1	1.22	7.09e-01	  58.14
  4	 34	A	    1	1.22	7.09e-01	  58.14
  4	 56	T	    1	1.22	7.09e-01	  58.14
  0	 29	A	    1	1.22	7.09e-01	  58.14
  0	161	G	    1	1.22	7.09e-01	  58.14
  3	145	C	    1	1.22	7.09e-01	  58.14
  0	 15	G	    1	1.22	7.09e-01	  58.14
  0	 68	T	    1	1.22	7.09e-01	  58.14
  1	163	G	    1	1.22	7.09e-01	  58.14
  2	 74	A	    1	1.22	7.09e-01	  58.14
  3	 47	T	    1	1.22	7.09e-01	  58.14
  4	 19	G	    1	1.22	7.09e-01	  58.14
  4	 83	G	    1	1.22	7.09e-01	  58.14

