# Variants on HOR units of type: ~ / 86517
midx	pos	bas	count	freq	   p-val	 cfd.
  0	 31	G	42440	49.05	1.11e-16	   0.00
  0	 67	A	39619	45.79	1.11e-16	   0.00
  3	 43	G	32586	37.66	1.11e-16	   0.00
  0	117	T	30013	34.69	1.11e-16	   0.00
  1	  6	G	29979	34.65	1.11e-16	   0.00
  2	 60	T	24208	27.98	1.11e-16	   0.00
  3	 87	A	17367	20.07	1.11e-16	   0.00
  0	 81	C	13119	15.16	1.11e-16	   0.00
  2	105	T	11593	13.40	1.11e-16	   0.00
  3	 16	A	10371	11.99	1.11e-16	   0.00
  2	 71	C	 9878	11.42	1.11e-16	   0.00
  0	140	A	 7207	8.33	1.11e-16	   0.00
  1	 52	A	 6492	7.50	1.11e-16	   0.00
  3	 80	A	 6126	7.08	1.11e-16	   0.00
  2	 75	G	 6022	6.96	1.11e-16	   0.00
  3	 10	A	 5304	6.13	1.11e-16	   0.00
  1	  5	G	 5014	5.80	1.11e-16	   0.00
  0	 96	C	 4937	5.71	1.11e-16	   0.00
  2	 47	A	 4541	5.25	1.11e-16	   0.00
  2	 25	A	 4433	5.12	1.11e-16	   0.00
  0	149	A	 4143	4.79	1.11e-16	   0.00
  4	 90	C	 4048	4.68	1.11e-16	   0.00
  2	113	T	 3949	4.56	1.11e-16	   0.00
  2	143	T	 3593	4.15	1.11e-16	   0.00
  0	 31	A	 3566	4.12	1.11e-16	   0.00
  0	126	A	 3493	4.04	1.11e-16	   0.00
  0	103	C	 3449	3.99	1.11e-16	   0.00
  2	 71	A	 3446	3.98	1.11e-16	   0.00
  4	162	A	 3346	3.87	1.11e-16	   0.00
  1	 14	A	 3258	3.77	1.11e-16	   0.00
  2	 18	T	 3249	3.76	1.11e-16	   0.00
  0	101	C	 3200	3.70	1.11e-16	   0.00
  0	 75	T	 3154	3.65	1.11e-16	   0.00
  3	119	A	 3137	3.63	1.11e-16	   0.00
  2	140	A	 3115	3.60	1.11e-16	   0.00
  0	 67	G	 3091	3.57	1.11e-16	   0.00
  0	143	A	 3087	3.57	1.11e-16	   0.00
  3	 45	G	 3071	3.55	1.11e-16	   0.00
  0	 58	C	 3070	3.55	1.11e-16	   0.00
  2	142	T	 3036	3.51	1.11e-16	   0.00
  1	122	T	 2957	3.42	8.10e-13	   0.00
  0	116	A	 2934	3.39	1.75e-11	   0.00
  0	144	C	 2903	3.36	8.24e-10	   0.00
  0	 76	A	 2881	3.33	1.04e-08	   0.00
  3	116	A	 2878	3.33	1.45e-08	   0.00
  0	136	A	 2844	3.29	5.00e-07	   0.04
  2	 91	G	 2820	3.26	4.79e-06	   0.41
  1	112	T	 2814	3.25	8.16e-06	   0.71
  0	164	G	 2750	3.18	1.10e-03	  94.81
  3	119	T	 2728	3.15	4.24e-03	 367.11
  2	116	A	 2720	3.14	6.66e-03	 576.15
  0	113	T	 2717	3.14	7.84e-03	 678.38
  4	 16	T	 2709	3.13	1.19e-02	1032.97
  2	 71	T	 2693	3.11	2.59e-02	2243.36
  3	142	A	 2686	3.10	3.54e-02	3065.15
  4	142	A	 2679	3.10	4.76e-02	4119.99
  1	142	T	 2678	3.10	4.96e-02	4292.08
  4	147	T	 2676	3.09	5.38e-02	4653.53
  0	 66	A	 2676	3.09	5.38e-02	4653.53
  2	 76	A	 2659	3.07	1.01e-01	8776.27
  2	136	A	 2654	3.07	1.20e-01	10390.58
  1	152	C	 2654	3.07	1.20e-01	10390.58
  2	 77	G	 2643	3.05	1.69e-01	14652.27
  0	 77	C	 2637	3.05	2.01e-01	17396.26
  0	152	T	 2604	3.01	4.28e-01	37004.80
  4	112	C	 2602	3.01	4.43e-01	38361.12
  4	 72	T	 2593	3.00	5.15e-01	44533.24
  1	126	G	 2590	2.99	5.39e-01	46592.85
  4	128	T	 2581	2.98	6.09e-01	52676.27
  1	160	A	 2580	2.98	6.16e-01	53337.71
  3	141	A	 2532	2.93	8.96e-01	77496.26
  1	 88	G	 2527	2.92	9.13e-01	78971.18
  4	141	A	 2517	2.91	9.41e-01	81371.73
  0	 19	C	 2513	2.90	9.49e-01	82145.47
  3	 84	A	 2511	2.90	9.54e-01	82496.10
  4	113	T	 2487	2.87	9.85e-01	85199.81
  1	 80	C	 2482	2.87	9.88e-01	85500.55
  1	 83	T	 2477	2.86	9.91e-01	85739.94
  1	139	A	 2473	2.86	9.93e-01	85894.41
  4	163	A	 2452	2.83	9.98e-01	86341.10
  0	 12	A	 2447	2.83	9.99e-01	86390.05
  3	106	A	 2436	2.82	9.99e-01	86457.15
  4	 90	T	 2418	2.79	1.00e+00	86501.24
  1	127	T	 2406	2.78	1.00e+00	86510.98
  0	141	C	 2396	2.77	1.00e+00	86514.42
  2	102	T	 2392	2.76	1.00e+00	86515.18
  3	118	C	 2387	2.76	1.00e+00	86515.84
  3	143	G	 2385	2.76	1.00e+00	86516.03
  0	 68	A	 2337	2.70	1.00e+00	86516.99
  4	 89	G	 2329	2.69	1.00e+00	86517.00
  2	 52	A	 2329	2.69	1.00e+00	86517.00
  4	 39	G	 2326	2.69	1.00e+00	86517.00
  2	135	T	 2304	2.66	1.00e+00	86517.00
  0	 74	C	 2292	2.65	1.00e+00	86517.00
  3	 41	A	 2290	2.65	1.00e+00	86517.00
  0	 57	T	 2271	2.62	1.00e+00	86517.00
  4	 39	C	 2266	2.62	1.00e+00	86517.00
  3	140	G	 2256	2.61	1.00e+00	86517.00
  0	135	T	 2244	2.59	1.00e+00	86517.00
  4	101	T	 2213	2.56	1.00e+00	86517.00
  3	 64	A	 2203	2.55	1.00e+00	86517.00
  0	135	A	 2200	2.54	1.00e+00	86517.00
  3	 30	T	 2198	2.54	1.00e+00	86517.00
  0	 56	T	 2195	2.54	1.00e+00	86517.00
  3	 86	A	 2190	2.53	1.00e+00	86517.00
  3	137	G	 2189	2.53	1.00e+00	86517.00
  3	136	A	 2177	2.52	1.00e+00	86517.00
  2	106	A	 2169	2.51	1.00e+00	86517.00
  1	  6	T	 2144	2.48	1.00e+00	86517.00
  0	147	T	 2135	2.47	1.00e+00	86517.00
  3	113	T	 2134	2.47	1.00e+00	86517.00
  4	 64	G	 2130	2.46	1.00e+00	86517.00
  3	156	T	 2128	2.46	1.00e+00	86517.00
  3	 89	C	 2119	2.45	1.00e+00	86517.00
  4	 21	T	 2112	2.44	1.00e+00	86517.00
  4	 29	G	 2099	2.43	1.00e+00	86517.00
  3	 72	T	 2092	2.42	1.00e+00	86517.00
  3	135	T	 2087	2.41	1.00e+00	86517.00
  4	161	C	 2081	2.41	1.00e+00	86517.00
  2	162	A	 2080	2.40	1.00e+00	86517.00
  3	146	C	 2079	2.40	1.00e+00	86517.00
  3	 84	T	 2076	2.40	1.00e+00	86517.00
  2	 76	T	 2048	2.37	1.00e+00	86517.00
  3	 52	A	 2042	2.36	1.00e+00	86517.00
  1	 76	C	 2035	2.35	1.00e+00	86517.00
  1	 65	T	 2030	2.35	1.00e+00	86517.00
  0	 79	C	 2029	2.35	1.00e+00	86517.00
  1	148	T	 2017	2.33	1.00e+00	86517.00
  4	 84	T	 2008	2.32	1.00e+00	86517.00
  4	 56	T	 1998	2.31	1.00e+00	86517.00
  1	111	G	 1993	2.30	1.00e+00	86517.00
  4	 96	A	 1988	2.30	1.00e+00	86517.00
  2	 92	T	 1984	2.29	1.00e+00	86517.00
  1	113	A	 1981	2.29	1.00e+00	86517.00
  3	132	T	 1979	2.29	1.00e+00	86517.00
  3	 56	T	 1967	2.27	1.00e+00	86517.00
  2	 88	T	 1960	2.27	1.00e+00	86517.00
  1	124	T	 1953	2.26	1.00e+00	86517.00
  0	154	A	 1951	2.26	1.00e+00	86517.00
  2	 68	C	 1949	2.25	1.00e+00	86517.00
  4	139	G	 1939	2.24	1.00e+00	86517.00
  2	 53	C	 1932	2.23	1.00e+00	86517.00
  4	 80	A	 1930	2.23	1.00e+00	86517.00
  3	 35	T	 1930	2.23	1.00e+00	86517.00
  4	 97	A	 1925	2.22	1.00e+00	86517.00
  2	 83	C	 1924	2.22	1.00e+00	86517.00
  4	122	G	 1919	2.22	1.00e+00	86517.00
  0	156	A	 1915	2.21	1.00e+00	86517.00
  0	 17	T	 1915	2.21	1.00e+00	86517.00
  2	146	T	 1911	2.21	1.00e+00	86517.00
  0	 82	A	 1904	2.20	1.00e+00	86517.00
  0	149	T	 1903	2.20	1.00e+00	86517.00
  1	 53	T	 1903	2.20	1.00e+00	86517.00
  2	162	T	 1901	2.20	1.00e+00	86517.00
  3	 10	C	 1901	2.20	1.00e+00	86517.00
  0	 62	C	 1899	2.19	1.00e+00	86517.00
  3	126	T	 1892	2.19	1.00e+00	86517.00
  0	159	A	 1888	2.18	1.00e+00	86517.00
  2	141	C	 1876	2.17	1.00e+00	86517.00
  1	 93	G	 1875	2.17	1.00e+00	86517.00
  0	146	T	 1870	2.16	1.00e+00	86517.00
  3	127	T	 1867	2.16	1.00e+00	86517.00
  1	131	T	 1863	2.15	1.00e+00	86517.00
  1	 55	G	 1862	2.15	1.00e+00	86517.00
  0	106	A	 1853	2.14	1.00e+00	86517.00
  4	116	A	 1849	2.14	1.00e+00	86517.00
  1	 74	C	 1847	2.13	1.00e+00	86517.00
  2	137	G	 1844	2.13	1.00e+00	86517.00
  1	 92	C	 1841	2.13	1.00e+00	86517.00
  2	 70	C	 1841	2.13	1.00e+00	86517.00
  2	132	T	 1840	2.13	1.00e+00	86517.00
  0	137	G	 1839	2.13	1.00e+00	86517.00
  4	126	C	 1832	2.12	1.00e+00	86517.00
  4	112	G	 1827	2.11	1.00e+00	86517.00
  3	127	G	 1825	2.11	1.00e+00	86517.00
  4	146	A	 1822	2.11	1.00e+00	86517.00
  1	140	C	 1821	2.10	1.00e+00	86517.00
  3	 41	T	 1817	2.10	1.00e+00	86517.00
  4	149	A	 1813	2.10	1.00e+00	86517.00
  3	128	T	 1811	2.09	1.00e+00	86517.00
  1	 45	G	 1798	2.08	1.00e+00	86517.00
  1	115	A	 1796	2.08	1.00e+00	86517.00
  0	112	G	 1787	2.07	1.00e+00	86517.00
  1	 89	T	 1785	2.06	1.00e+00	86517.00
  3	 82	T	 1784	2.06	1.00e+00	86517.00
  4	 76	A	 1781	2.06	1.00e+00	86517.00
  2	 69	G	 1778	2.06	1.00e+00	86517.00
  0	 38	A	 1774	2.05	1.00e+00	86517.00
  0	134	G	 1767	2.04	1.00e+00	86517.00
  3	114	A	 1758	2.03	1.00e+00	86517.00
  4	126	T	 1757	2.03	1.00e+00	86517.00
  0	132	T	 1754	2.03	1.00e+00	86517.00
  1	105	A	 1747	2.02	1.00e+00	86517.00
  3	122	G	 1742	2.01	1.00e+00	86517.00
  0	 80	A	 1731	2.00	1.00e+00	86517.00
  2	 72	C	 1731	2.00	1.00e+00	86517.00
  4	157	T	 1729	2.00	1.00e+00	86517.00
  1	 84	C	 1729	2.00	1.00e+00	86517.00
  4	164	C	 1728	2.00	1.00e+00	86517.00
  3	 42	C	 1721	1.99	1.00e+00	86517.00
  3	 79	C	 1719	1.99	1.00e+00	86517.00
  1	 26	T	 1717	1.98	1.00e+00	86517.00
  0	 29	G	 1712	1.98	1.00e+00	86517.00
  4	108	A	 1706	1.97	1.00e+00	86517.00
  4	105	T	 1703	1.97	1.00e+00	86517.00
  2	 47	T	 1701	1.97	1.00e+00	86517.00
  0	 47	G	 1698	1.96	1.00e+00	86517.00
  3	 53	C	 1691	1.95	1.00e+00	86517.00
  3	 97	A	 1689	1.95	1.00e+00	86517.00
  3	 64	G	 1687	1.95	1.00e+00	86517.00
  1	153	T	 1682	1.94	1.00e+00	86517.00
  0	 35	A	 1682	1.94	1.00e+00	86517.00
  2	 80	A	 1676	1.94	1.00e+00	86517.00
  4	 10	A	 1674	1.93	1.00e+00	86517.00
  4	140	G	 1674	1.93	1.00e+00	86517.00
  1	 14	T	 1669	1.93	1.00e+00	86517.00
  1	 53	A	 1668	1.93	1.00e+00	86517.00
  2	103	T	 1662	1.92	1.00e+00	86517.00
  1	 21	T	 1660	1.92	1.00e+00	86517.00
  4	 49	A	 1660	1.92	1.00e+00	86517.00
  0	140	G	 1657	1.92	1.00e+00	86517.00
  2	 93	A	 1653	1.91	1.00e+00	86517.00
  4	143	G	 1651	1.91	1.00e+00	86517.00
  0	140	T	 1651	1.91	1.00e+00	86517.00
  1	134	T	 1650	1.91	1.00e+00	86517.00
  1	 57	T	 1649	1.91	1.00e+00	86517.00
  1	 17	T	 1649	1.91	1.00e+00	86517.00
  2	114	A	 1648	1.90	1.00e+00	86517.00
  3	 32	T	 1647	1.90	1.00e+00	86517.00
  3	133	T	 1647	1.90	1.00e+00	86517.00
  3	125	A	 1646	1.90	1.00e+00	86517.00
  0	 72	A	 1641	1.90	1.00e+00	86517.00
  3	161	A	 1636	1.89	1.00e+00	86517.00
  4	 26	A	 1634	1.89	1.00e+00	86517.00
  0	 34	G	 1632	1.89	1.00e+00	86517.00
  3	 77	G	 1624	1.88	1.00e+00	86517.00
  3	 21	T	 1624	1.88	1.00e+00	86517.00
  1	118	T	 1621	1.87	1.00e+00	86517.00
  1	 23	A	 1619	1.87	1.00e+00	86517.00
  1	 27	G	 1619	1.87	1.00e+00	86517.00
  4	 46	T	 1616	1.87	1.00e+00	86517.00
  1	114	G	 1603	1.85	1.00e+00	86517.00
  1	130	T	 1602	1.85	1.00e+00	86517.00
  2	 56	T	 1601	1.85	1.00e+00	86517.00
  0	116	T	 1601	1.85	1.00e+00	86517.00
  4	 57	T	 1593	1.84	1.00e+00	86517.00
  4	125	A	 1591	1.84	1.00e+00	86517.00
  2	 89	C	 1589	1.84	1.00e+00	86517.00
  4	104	G	 1589	1.84	1.00e+00	86517.00
  1	157	C	 1589	1.84	1.00e+00	86517.00
  0	145	A	 1587	1.83	1.00e+00	86517.00
  2	 66	A	 1578	1.82	1.00e+00	86517.00
  3	163	T	 1577	1.82	1.00e+00	86517.00
  4	 81	C	 1569	1.81	1.00e+00	86517.00
  3	 26	T	 1569	1.81	1.00e+00	86517.00
  4	 84	G	 1569	1.81	1.00e+00	86517.00
  1	 75	A	 1562	1.81	1.00e+00	86517.00
  0	 99	T	 1558	1.80	1.00e+00	86517.00
  3	146	T	 1557	1.80	1.00e+00	86517.00
  4	 14	A	 1556	1.80	1.00e+00	86517.00
  4	 75	T	 1548	1.79	1.00e+00	86517.00
  3	112	G	 1546	1.79	1.00e+00	86517.00
  1	 49	A	 1542	1.78	1.00e+00	86517.00
  0	 44	C	 1541	1.78	1.00e+00	86517.00
  4	 20	G	 1539	1.78	1.00e+00	86517.00
  3	 48	G	 1538	1.78	1.00e+00	86517.00
  0	 39	A	 1537	1.78	1.00e+00	86517.00
  0	 13	C	 1536	1.78	1.00e+00	86517.00
  0	127	G	 1536	1.78	1.00e+00	86517.00
  0	 52	A	 1535	1.77	1.00e+00	86517.00
  3	 29	G	 1534	1.77	1.00e+00	86517.00
  2	 49	A	 1531	1.77	1.00e+00	86517.00
  0	108	C	 1528	1.77	1.00e+00	86517.00
  4	145	T	 1527	1.76	1.00e+00	86517.00
  4	 85	C	 1527	1.76	1.00e+00	86517.00
  4	155	T	 1526	1.76	1.00e+00	86517.00
  1	125	C	 1524	1.76	1.00e+00	86517.00
  1	118	A	 1521	1.76	1.00e+00	86517.00
  3	164	T	 1520	1.76	1.00e+00	86517.00
  0	114	A	 1517	1.75	1.00e+00	86517.00
  2	 41	C	 1514	1.75	1.00e+00	86517.00
  1	 75	T	 1514	1.75	1.00e+00	86517.00
  0	141	A	 1512	1.75	1.00e+00	86517.00
  3	 20	G	 1508	1.74	1.00e+00	86517.00
  0	  6	T	 1506	1.74	1.00e+00	86517.00
  4	138	T	 1506	1.74	1.00e+00	86517.00
  4	142	T	 1504	1.74	1.00e+00	86517.00
  4	106	A	 1501	1.73	1.00e+00	86517.00
  0	  8	A	 1500	1.73	1.00e+00	86517.00
  3	 49	A	 1497	1.73	1.00e+00	86517.00
  2	126	A	 1493	1.73	1.00e+00	86517.00
  2	 79	C	 1490	1.72	1.00e+00	86517.00
  4	127	G	 1489	1.72	1.00e+00	86517.00
  3	 47	A	 1486	1.72	1.00e+00	86517.00
  0	 16	G	 1486	1.72	1.00e+00	86517.00
  3	 91	C	 1485	1.72	1.00e+00	86517.00
  4	 22	C	 1483	1.71	1.00e+00	86517.00
  1	163	T	 1482	1.71	1.00e+00	86517.00
  1	 10	A	 1478	1.71	1.00e+00	86517.00
  4	146	G	 1475	1.70	1.00e+00	86517.00
  2	156	A	 1471	1.70	1.00e+00	86517.00
  4	114	A	 1462	1.69	1.00e+00	86517.00
  2	 17	C	 1454	1.68	1.00e+00	86517.00
  3	 88	A	 1449	1.67	1.00e+00	86517.00
  4	 93	A	 1448	1.67	1.00e+00	86517.00
  0	109	T	 1440	1.66	1.00e+00	86517.00
  3	 14	A	 1434	1.66	1.00e+00	86517.00
  3	 81	A	 1433	1.66	1.00e+00	86517.00
  4	 32	T	 1431	1.65	1.00e+00	86517.00
  3	 61	G	 1426	1.65	1.00e+00	86517.00
  0	 49	A	 1425	1.65	1.00e+00	86517.00
  2	157	G	 1425	1.65	1.00e+00	86517.00
  2	111	T	 1417	1.64	1.00e+00	86517.00
  1	121	G	 1417	1.64	1.00e+00	86517.00
  1	 79	A	 1416	1.64	1.00e+00	86517.00
  2	121	T	 1415	1.64	1.00e+00	86517.00
  1	108	T	 1413	1.63	1.00e+00	86517.00
  1	 20	G	 1410	1.63	1.00e+00	86517.00
  3	 85	C	 1405	1.62	1.00e+00	86517.00
  3	126	C	 1405	1.62	1.00e+00	86517.00
  1	 29	G	 1395	1.61	1.00e+00	86517.00
  3	155	A	 1394	1.61	1.00e+00	86517.00
  0	 33	A	 1391	1.61	1.00e+00	86517.00
  3	134	G	 1391	1.61	1.00e+00	86517.00
  4	 49	T	 1391	1.61	1.00e+00	86517.00
  2	134	G	 1386	1.60	1.00e+00	86517.00
  4	 52	A	 1385	1.60	1.00e+00	86517.00
  2	132	A	 1380	1.60	1.00e+00	86517.00
  0	 15	A	 1378	1.59	1.00e+00	86517.00
  4	 13	C	 1377	1.59	1.00e+00	86517.00
  1	105	C	 1368	1.58	1.00e+00	86517.00
  3	 44	A	 1368	1.58	1.00e+00	86517.00
  0	 71	T	 1368	1.58	1.00e+00	86517.00
  2	 19	T	 1365	1.58	1.00e+00	86517.00
  1	116	A	 1365	1.58	1.00e+00	86517.00
  1	 48	G	 1364	1.58	1.00e+00	86517.00
  2	101	C	 1362	1.57	1.00e+00	86517.00
  0	143	T	 1361	1.57	1.00e+00	86517.00
  0	 16	A	 1354	1.57	1.00e+00	86517.00
  0	121	G	 1354	1.57	1.00e+00	86517.00
  3	 92	G	 1353	1.56	1.00e+00	86517.00
  4	 16	C	 1352	1.56	1.00e+00	86517.00
  4	 48	G	 1351	1.56	1.00e+00	86517.00
  3	 23	T	 1350	1.56	1.00e+00	86517.00
  0	144	T	 1349	1.56	1.00e+00	86517.00
  2	 48	G	 1344	1.55	1.00e+00	86517.00
  4	 37	T	 1339	1.55	1.00e+00	86517.00
  3	 90	T	 1338	1.55	1.00e+00	86517.00
  2	 36	C	 1334	1.54	1.00e+00	86517.00
  1	123	G	 1334	1.54	1.00e+00	86517.00
  3	 80	T	 1329	1.54	1.00e+00	86517.00
  1	 49	T	 1329	1.54	1.00e+00	86517.00
  3	 93	T	 1328	1.53	1.00e+00	86517.00
  0	 88	T	 1325	1.53	1.00e+00	86517.00
  0	 60	A	 1322	1.53	1.00e+00	86517.00
  1	145	A	 1317	1.52	1.00e+00	86517.00
  3	 14	G	 1313	1.52	1.00e+00	86517.00
  4	120	C	 1308	1.51	1.00e+00	86517.00
  0	 14	T	 1304	1.51	1.00e+00	86517.00
  4	116	T	 1303	1.51	1.00e+00	86517.00
  2	150	C	 1302	1.50	1.00e+00	86517.00
  0	 32	T	 1300	1.50	1.00e+00	86517.00
  3	115	G	 1298	1.50	1.00e+00	86517.00
  2	 38	T	 1295	1.50	1.00e+00	86517.00
  4	 17	T	 1293	1.49	1.00e+00	86517.00
  1	 30	T	 1292	1.49	1.00e+00	86517.00
  0	 67	T	 1286	1.49	1.00e+00	86517.00
  1	 60	C	 1284	1.48	1.00e+00	86517.00
  3	108	A	 1279	1.48	1.00e+00	86517.00
  0	 65	T	 1270	1.47	1.00e+00	86517.00
  1	153	A	 1268	1.47	1.00e+00	86517.00
  0	139	C	 1265	1.46	1.00e+00	86517.00
  2	 14	T	 1264	1.46	1.00e+00	86517.00
  4	 77	T	 1263	1.46	1.00e+00	86517.00
  3	 55	C	 1254	1.45	1.00e+00	86517.00
  2	 21	T	 1250	1.44	1.00e+00	86517.00
  1	 38	A	 1249	1.44	1.00e+00	86517.00
  1	 54	C	 1247	1.44	1.00e+00	86517.00
  0	 72	G	 1246	1.44	1.00e+00	86517.00
  0	104	G	 1242	1.44	1.00e+00	86517.00
  3	105	T	 1239	1.43	1.00e+00	86517.00
  3	 57	T	 1235	1.43	1.00e+00	86517.00
  2	 65	T	 1235	1.43	1.00e+00	86517.00
  2	128	A	 1233	1.43	1.00e+00	86517.00
  1	142	A	 1232	1.42	1.00e+00	86517.00
  0	150	C	 1223	1.41	1.00e+00	86517.00
  2	154	A	 1219	1.41	1.00e+00	86517.00
  3	 69	G	 1219	1.41	1.00e+00	86517.00
  2	 87	C	 1219	1.41	1.00e+00	86517.00
  1	 50	G	 1213	1.40	1.00e+00	86517.00
  3	124	G	 1212	1.40	1.00e+00	86517.00
  2	139	C	 1210	1.40	1.00e+00	86517.00
  1	 78	C	 1210	1.40	1.00e+00	86517.00
  0	 32	G	 1209	1.40	1.00e+00	86517.00
  3	148	T	 1209	1.40	1.00e+00	86517.00
  2	 84	T	 1207	1.40	1.00e+00	86517.00
  4	100	T	 1205	1.39	1.00e+00	86517.00
  1	129	C	 1204	1.39	1.00e+00	86517.00
  0	 30	T	 1203	1.39	1.00e+00	86517.00
  3	104	G	 1199	1.39	1.00e+00	86517.00
  1	135	C	 1197	1.38	1.00e+00	86517.00
  1	 15	A	 1196	1.38	1.00e+00	86517.00
  0	 96	A	 1192	1.38	1.00e+00	86517.00
  2	144	G	 1191	1.38	1.00e+00	86517.00
  4	 74	G	 1188	1.37	1.00e+00	86517.00
  2	 85	C	 1186	1.37	1.00e+00	86517.00
  0	 83	C	 1185	1.37	1.00e+00	86517.00
  2	 28	A	 1178	1.36	1.00e+00	86517.00
  4	 53	C	 1178	1.36	1.00e+00	86517.00
  3	 64	T	 1176	1.36	1.00e+00	86517.00
  0	127	T	 1173	1.36	1.00e+00	86517.00
  2	131	T	 1172	1.35	1.00e+00	86517.00
  0	 93	A	 1172	1.35	1.00e+00	86517.00
  1	119	A	 1171	1.35	1.00e+00	86517.00
  4	110	A	 1170	1.35	1.00e+00	86517.00
  1	 58	C	 1169	1.35	1.00e+00	86517.00
  4	103	A	 1167	1.35	1.00e+00	86517.00
  1	 61	T	 1167	1.35	1.00e+00	86517.00
  1	 13	C	 1167	1.35	1.00e+00	86517.00
  1	159	C	 1163	1.34	1.00e+00	86517.00
  2	117	T	 1163	1.34	1.00e+00	86517.00
  1	 36	C	 1158	1.34	1.00e+00	86517.00
  3	 42	T	 1158	1.34	1.00e+00	86517.00
  2	161	C	 1158	1.34	1.00e+00	86517.00
  0	 55	C	 1156	1.34	1.00e+00	86517.00
  0	128	A	 1156	1.34	1.00e+00	86517.00
  2	112	G	 1155	1.33	1.00e+00	86517.00
  1	  2	T	 1153	1.33	1.00e+00	86517.00
  4	 47	G	 1152	1.33	1.00e+00	86517.00
  4	 17	A	 1151	1.33	1.00e+00	86517.00
  3	101	C	 1150	1.33	1.00e+00	86517.00
  2	 95	A	 1150	1.33	1.00e+00	86517.00
  2	 54	T	 1148	1.33	1.00e+00	86517.00
  4	 73	G	 1147	1.33	1.00e+00	86517.00
  1	161	T	 1147	1.33	1.00e+00	86517.00
  4	118	C	 1143	1.32	1.00e+00	86517.00
  2	149	T	 1141	1.32	1.00e+00	86517.00
  2	 15	G	 1141	1.32	1.00e+00	86517.00
  0	 16	C	 1140	1.32	1.00e+00	86517.00
  3	130	T	 1139	1.32	1.00e+00	86517.00
  3	 59	T	 1133	1.31	1.00e+00	86517.00
  2	 80	T	 1133	1.31	1.00e+00	86517.00
  3	110	A	 1132	1.31	1.00e+00	86517.00
  0	 97	A	 1131	1.31	1.00e+00	86517.00
  0	 43	C	 1131	1.31	1.00e+00	86517.00
  2	 99	A	 1127	1.30	1.00e+00	86517.00
  1	100	C	 1127	1.30	1.00e+00	86517.00
  3	109	C	 1125	1.30	1.00e+00	86517.00
  0	110	A	 1123	1.30	1.00e+00	86517.00
  4	 79	C	 1122	1.30	1.00e+00	86517.00
  2	 59	T	 1119	1.29	1.00e+00	86517.00
  3	 36	A	 1115	1.29	1.00e+00	86517.00
  3	119	G	 1115	1.29	1.00e+00	86517.00
  1	 61	A	 1114	1.29	1.00e+00	86517.00
  1	143	A	 1114	1.29	1.00e+00	86517.00
  0	 87	C	 1112	1.29	1.00e+00	86517.00
  1	104	T	 1111	1.28	1.00e+00	86517.00
  0	 85	C	 1111	1.28	1.00e+00	86517.00
  3	 13	C	 1110	1.28	1.00e+00	86517.00
  2	 35	A	 1110	1.28	1.00e+00	86517.00
  1	 92	A	 1107	1.28	1.00e+00	86517.00
  2	 67	G	 1104	1.28	1.00e+00	86517.00
  4	 55	C	 1103	1.27	1.00e+00	86517.00
  4	149	T	 1103	1.27	1.00e+00	86517.00
  0	103	A	 1100	1.27	1.00e+00	86517.00
  2	 57	T	 1099	1.27	1.00e+00	86517.00
  4	 89	C	 1098	1.27	1.00e+00	86517.00
  3	 93	A	 1097	1.27	1.00e+00	86517.00
  1	109	A	 1096	1.27	1.00e+00	86517.00
  3	 27	G	 1095	1.27	1.00e+00	86517.00
  4	 42	A	 1094	1.26	1.00e+00	86517.00
  1	104	A	 1094	1.26	1.00e+00	86517.00
  2	 60	G	 1093	1.26	1.00e+00	86517.00
  0	125	A	 1090	1.26	1.00e+00	86517.00
  0	 84	T	 1088	1.26	1.00e+00	86517.00
  2	140	G	 1087	1.26	1.00e+00	86517.00
  2	132	C	 1086	1.26	1.00e+00	86517.00
  4	105	A	 1086	1.26	1.00e+00	86517.00
  2	 10	A	 1084	1.25	1.00e+00	86517.00
  3	123	T	 1082	1.25	1.00e+00	86517.00
  3	 49	T	 1076	1.24	1.00e+00	86517.00
  2	114	T	 1075	1.24	1.00e+00	86517.00
  0	107	T	 1074	1.24	1.00e+00	86517.00
  4	 19	C	 1068	1.23	1.00e+00	86517.00
  2	 39	C	 1066	1.23	1.00e+00	86517.00
  2	124	G	 1066	1.23	1.00e+00	86517.00
  2	 38	A	 1065	1.23	1.00e+00	86517.00
  1	 35	A	 1058	1.22	1.00e+00	86517.00
  0	115	G	 1058	1.22	1.00e+00	86517.00
  0	 20	T	 1058	1.22	1.00e+00	86517.00
  0	 42	A	 1057	1.22	1.00e+00	86517.00
  0	150	A	 1056	1.22	1.00e+00	86517.00
  3	 60	C	 1055	1.22	1.00e+00	86517.00
  2	 97	T	 1053	1.22	1.00e+00	86517.00
  2	 46	T	 1053	1.22	1.00e+00	86517.00
  0	 97	T	 1053	1.22	1.00e+00	86517.00
  1	102	T	 1050	1.21	1.00e+00	86517.00
  1	 47	G	 1049	1.21	1.00e+00	86517.00
  2	131	A	 1049	1.21	1.00e+00	86517.00
  2	 46	A	 1047	1.21	1.00e+00	86517.00
  2	 72	G	 1047	1.21	1.00e+00	86517.00
  1	 39	C	 1042	1.20	1.00e+00	86517.00
  4	 63	G	 1042	1.20	1.00e+00	86517.00
  2	151	C	 1041	1.20	1.00e+00	86517.00
  0	131	T	 1040	1.20	1.00e+00	86517.00
  2	 35	T	 1038	1.20	1.00e+00	86517.00
  3	 18	C	 1037	1.20	1.00e+00	86517.00
  3	160	C	 1037	1.20	1.00e+00	86517.00
  3	131	G	 1037	1.20	1.00e+00	86517.00
  3	 83	C	 1035	1.20	1.00e+00	86517.00
  0	119	T	 1035	1.20	1.00e+00	86517.00
  1	 13	T	 1033	1.19	1.00e+00	86517.00
  1	138	C	 1032	1.19	1.00e+00	86517.00
  0	106	T	 1030	1.19	1.00e+00	86517.00
  2	109	T	 1029	1.19	1.00e+00	86517.00
  1	 11	G	 1028	1.19	1.00e+00	86517.00
  4	 62	A	 1025	1.18	1.00e+00	86517.00
  0	 21	A	 1025	1.18	1.00e+00	86517.00
  1	139	G	 1025	1.18	1.00e+00	86517.00
  4	117	A	 1024	1.18	1.00e+00	86517.00
  3	102	T	 1022	1.18	1.00e+00	86517.00
  4	124	G	 1021	1.18	1.00e+00	86517.00
  3	 62	A	 1021	1.18	1.00e+00	86517.00
  1	135	A	 1020	1.18	1.00e+00	86517.00
  0	142	A	 1020	1.18	1.00e+00	86517.00
  1	141	T	 1020	1.18	1.00e+00	86517.00
  2	103	A	 1020	1.18	1.00e+00	86517.00
  4	133	T	 1020	1.18	1.00e+00	86517.00
  3	153	A	 1018	1.18	1.00e+00	86517.00
  3	 34	C	 1015	1.17	1.00e+00	86517.00
  3	 14	T	 1014	1.17	1.00e+00	86517.00
  1	150	C	 1014	1.17	1.00e+00	86517.00
  3	 46	T	 1013	1.17	1.00e+00	86517.00
  4	 58	A	 1013	1.17	1.00e+00	86517.00
  3	150	C	 1013	1.17	1.00e+00	86517.00
  3	 33	G	 1010	1.17	1.00e+00	86517.00
  3	103	A	 1010	1.17	1.00e+00	86517.00
  1	 72	C	 1007	1.16	1.00e+00	86517.00
  3	149	G	 1007	1.16	1.00e+00	86517.00
  0	 57	G	 1001	1.16	1.00e+00	86517.00
  0	 53	C	 1000	1.16	1.00e+00	86517.00
  0	151	C	  999	1.15	1.00e+00	86517.00
  3	 69	T	  999	1.15	1.00e+00	86517.00
  4	 71	A	  998	1.15	1.00e+00	86517.00
  1	128	C	  997	1.15	1.00e+00	86517.00
  1	 15	C	  993	1.15	1.00e+00	86517.00
  3	103	T	  993	1.15	1.00e+00	86517.00
  0	 55	G	  993	1.15	1.00e+00	86517.00
  0	 90	T	  989	1.14	1.00e+00	86517.00
  3	 94	G	  989	1.14	1.00e+00	86517.00
  1	 62	T	  986	1.14	1.00e+00	86517.00
  4	152	A	  985	1.14	1.00e+00	86517.00
  3	152	C	  984	1.14	1.00e+00	86517.00
  0	 84	A	  983	1.14	1.00e+00	86517.00
  4	131	A	  981	1.13	1.00e+00	86517.00
  2	118	A	  978	1.13	1.00e+00	86517.00
  4	136	T	  977	1.13	1.00e+00	86517.00
  0	143	C	  977	1.13	1.00e+00	86517.00
  3	 51	C	  976	1.13	1.00e+00	86517.00
  2	102	G	  976	1.13	1.00e+00	86517.00
  2	126	C	  976	1.13	1.00e+00	86517.00
  3	118	A	  976	1.13	1.00e+00	86517.00
  4	 92	G	  975	1.13	1.00e+00	86517.00
  4	148	C	  975	1.13	1.00e+00	86517.00
  1	103	G	  974	1.13	1.00e+00	86517.00
  0	158	G	  974	1.13	1.00e+00	86517.00
  1	132	C	  972	1.12	1.00e+00	86517.00
  1	148	A	  970	1.12	1.00e+00	86517.00
  2	 11	G	  968	1.12	1.00e+00	86517.00
  2	  6	T	  967	1.12	1.00e+00	86517.00
  1	 68	A	  965	1.12	1.00e+00	86517.00
  2	105	A	  965	1.12	1.00e+00	86517.00
  1	 30	C	  964	1.11	1.00e+00	86517.00
  4	132	G	  963	1.11	1.00e+00	86517.00
  4	 18	C	  963	1.11	1.00e+00	86517.00
  2	164	T	  962	1.11	1.00e+00	86517.00
  1	 68	T	  961	1.11	1.00e+00	86517.00
  1	114	C	  961	1.11	1.00e+00	86517.00
  0	 21	T	  960	1.11	1.00e+00	86517.00
  2	123	T	  958	1.11	1.00e+00	86517.00
  1	 51	C	  957	1.11	1.00e+00	86517.00
  2	146	A	  957	1.11	1.00e+00	86517.00
  0	148	C	  956	1.10	1.00e+00	86517.00
  1	 46	T	  954	1.10	1.00e+00	86517.00
  3	 97	T	  953	1.10	1.00e+00	86517.00
  1	 18	C	  951	1.10	1.00e+00	86517.00
  1	117	C	  951	1.10	1.00e+00	86517.00
  1	 35	T	  950	1.10	1.00e+00	86517.00
  3	109	T	  949	1.10	1.00e+00	86517.00
  0	105	T	  947	1.09	1.00e+00	86517.00
  1	102	A	  946	1.09	1.00e+00	86517.00
  4	 54	A	  945	1.09	1.00e+00	86517.00
  3	 52	T	  943	1.09	1.00e+00	86517.00
  2	 94	T	  943	1.09	1.00e+00	86517.00
  3	 76	T	  943	1.09	1.00e+00	86517.00
  4	 14	T	  943	1.09	1.00e+00	86517.00
  2	 28	T	  943	1.09	1.00e+00	86517.00
  0	 18	C	  943	1.09	1.00e+00	86517.00
  4	 11	G	  942	1.09	1.00e+00	86517.00
  1	 34	C	  940	1.09	1.00e+00	86517.00
  1	144	T	  940	1.09	1.00e+00	86517.00
  1	156	A	  940	1.09	1.00e+00	86517.00
  1	 90	G	  939	1.09	1.00e+00	86517.00
  4	 31	A	  938	1.08	1.00e+00	86517.00
  1	 96	T	  936	1.08	1.00e+00	86517.00
  2	 52	T	  936	1.08	1.00e+00	86517.00
  2	 25	G	  934	1.08	1.00e+00	86517.00
  0	 42	G	  933	1.08	1.00e+00	86517.00
  0	 44	A	  933	1.08	1.00e+00	86517.00
  3	120	C	  932	1.08	1.00e+00	86517.00
  4	 93	C	  932	1.08	1.00e+00	86517.00
  0	 37	G	  931	1.08	1.00e+00	86517.00
  2	 34	C	  930	1.07	1.00e+00	86517.00
  4	 97	T	  930	1.07	1.00e+00	86517.00
  0	114	T	  927	1.07	1.00e+00	86517.00
  4	 57	A	  927	1.07	1.00e+00	86517.00
  1	 26	A	  924	1.07	1.00e+00	86517.00
  1	151	A	  924	1.07	1.00e+00	86517.00
  1	 71	T	  923	1.07	1.00e+00	86517.00
  2	 73	G	  922	1.07	1.00e+00	86517.00
  0	102	C	  921	1.06	1.00e+00	86517.00
  3	 81	T	  920	1.06	1.00e+00	86517.00
  0	 47	T	  917	1.06	1.00e+00	86517.00
  4	136	A	  915	1.06	1.00e+00	86517.00
  2	104	G	  914	1.06	1.00e+00	86517.00
  4	 66	A	  911	1.05	1.00e+00	86517.00
  0	103	T	  911	1.05	1.00e+00	86517.00
  2	 37	C	  910	1.05	1.00e+00	86517.00
  1	156	T	  908	1.05	1.00e+00	86517.00
  0	 66	C	  908	1.05	1.00e+00	86517.00
  1	161	A	  907	1.05	1.00e+00	86517.00
  2	 51	C	  907	1.05	1.00e+00	86517.00
  0	 11	C	  907	1.05	1.00e+00	86517.00
  3	 76	A	  906	1.05	1.00e+00	86517.00
  0	 26	G	  906	1.05	1.00e+00	86517.00
  3	 47	C	  904	1.04	1.00e+00	86517.00
  0	108	A	  903	1.04	1.00e+00	86517.00
  4	 50	G	  903	1.04	1.00e+00	86517.00
  3	144	T	  903	1.04	1.00e+00	86517.00
  4	 33	A	  902	1.04	1.00e+00	86517.00
  2	 93	T	  901	1.04	1.00e+00	86517.00
  1	151	T	  898	1.04	1.00e+00	86517.00
  2	141	A	  897	1.04	1.00e+00	86517.00
  4	 28	A	  897	1.04	1.00e+00	86517.00
  1	119	C	  897	1.04	1.00e+00	86517.00
  3	 31	G	  895	1.03	1.00e+00	86517.00
  3	 37	C	  895	1.03	1.00e+00	86517.00
  3	 39	C	  894	1.03	1.00e+00	86517.00
  4	 22	G	  892	1.03	1.00e+00	86517.00
  0	 22	A	  891	1.03	1.00e+00	86517.00
  4	100	A	  890	1.03	1.00e+00	86517.00
  4	 88	G	  889	1.03	1.00e+00	86517.00
  1	 94	T	  889	1.03	1.00e+00	86517.00
  2	106	T	  886	1.02	1.00e+00	86517.00
  2	 62	T	  885	1.02	1.00e+00	86517.00
  3	 42	G	  884	1.02	1.00e+00	86517.00
  3	 69	A	  881	1.02	1.00e+00	86517.00
  4	 82	T	  881	1.02	1.00e+00	86517.00
  0	 71	A	  879	1.02	1.00e+00	86517.00
  1	 65	A	  877	1.01	1.00e+00	86517.00
  2	 29	G	  877	1.01	1.00e+00	86517.00
  3	161	T	  876	1.01	1.00e+00	86517.00
  0	100	G	  875	1.01	1.00e+00	86517.00
  2	 58	G	  875	1.01	1.00e+00	86517.00
  0	121	T	  874	1.01	1.00e+00	86517.00
  4	128	A	  873	1.01	1.00e+00	86517.00
  2	141	T	  873	1.01	1.00e+00	86517.00
  1	 91	G	  873	1.01	1.00e+00	86517.00
  3	 68	A	  872	1.01	1.00e+00	86517.00
  0	 62	A	  870	1.01	1.00e+00	86517.00
  3	108	T	  870	1.01	1.00e+00	86517.00
  1	  7	G	  869	1.00	1.00e+00	86517.00
  3	148	A	  867	1.00	1.00e+00	86517.00
  3	151	A	  866	1.00	1.00e+00	86517.00
  2	 64	G	  865	1.00	1.00e+00	86517.00
  2	152	A	  865	1.00	1.00e+00	86517.00
  4	 15	A	  864	1.00	1.00e+00	86517.00
  2	 33	A	  861	1.00	1.00e+00	86517.00
  1	 37	C	  861	1.00	1.00e+00	86517.00
  2	163	A	  860	0.99	1.00e+00	86517.00
  2	115	G	  860	0.99	1.00e+00	86517.00
  2	111	A	  859	0.99	1.00e+00	86517.00
  0	 81	T	  858	0.99	1.00e+00	86517.00
  4	156	A	  856	0.99	1.00e+00	86517.00
  0	 26	A	  855	0.99	1.00e+00	86517.00
  3	  6	T	  854	0.99	1.00e+00	86517.00
  4	150	C	  852	0.98	1.00e+00	86517.00
  1	 16	C	  850	0.98	1.00e+00	86517.00
  4	 38	A	  850	0.98	1.00e+00	86517.00
  0	 10	A	  849	0.98	1.00e+00	86517.00
  3	 25	G	  849	0.98	1.00e+00	86517.00
  2	115	C	  849	0.98	1.00e+00	86517.00
  1	136	G	  849	0.98	1.00e+00	86517.00
  2	 13	G	  848	0.98	1.00e+00	86517.00
  3	 17	A	  847	0.98	1.00e+00	86517.00
  1	 87	G	  843	0.97	1.00e+00	86517.00
  4	 53	T	  841	0.97	1.00e+00	86517.00
  0	 54	A	  841	0.97	1.00e+00	86517.00
  3	 74	T	  839	0.97	1.00e+00	86517.00
  2	160	C	  838	0.97	1.00e+00	86517.00
  2	140	T	  838	0.97	1.00e+00	86517.00
  3	128	A	  836	0.97	1.00e+00	86517.00
  3	100	A	  836	0.97	1.00e+00	86517.00
  2	 98	C	  835	0.97	1.00e+00	86517.00
  0	 70	C	  835	0.97	1.00e+00	86517.00
  1	141	C	  835	0.97	1.00e+00	86517.00
  0	 35	T	  835	0.97	1.00e+00	86517.00
  3	125	T	  835	0.97	1.00e+00	86517.00
  2	 96	C	  833	0.96	1.00e+00	86517.00
  0	 22	G	  832	0.96	1.00e+00	86517.00
  4	 71	T	  832	0.96	1.00e+00	86517.00
  4	163	G	  832	0.96	1.00e+00	86517.00
  2	 49	T	  831	0.96	1.00e+00	86517.00
  0	133	G	  831	0.96	1.00e+00	86517.00
  2	 79	T	  830	0.96	1.00e+00	86517.00
  2	130	C	  829	0.96	1.00e+00	86517.00
  3	 78	C	  829	0.96	1.00e+00	86517.00
  1	 57	G	  828	0.96	1.00e+00	86517.00
  3	 11	G	  826	0.95	1.00e+00	86517.00
  0	 48	G	  825	0.95	1.00e+00	86517.00
  3	 17	T	  825	0.95	1.00e+00	86517.00
  3	147	A	  822	0.95	1.00e+00	86517.00
  1	146	T	  821	0.95	1.00e+00	86517.00
  4	 32	C	  817	0.94	1.00e+00	86517.00
  0	 60	C	  817	0.94	1.00e+00	86517.00
  1	 52	T	  816	0.94	1.00e+00	86517.00
  4	123	T	  816	0.94	1.00e+00	86517.00
  0	155	G	  816	0.94	1.00e+00	86517.00
  4	109	T	  815	0.94	1.00e+00	86517.00
  2	 82	T	  814	0.94	1.00e+00	86517.00
  0	 41	C	  812	0.94	1.00e+00	86517.00
  2	126	T	  812	0.94	1.00e+00	86517.00
  0	 94	G	  812	0.94	1.00e+00	86517.00
  1	  8	C	  808	0.93	1.00e+00	86517.00
  0	 98	G	  808	0.93	1.00e+00	86517.00
  3	129	G	  808	0.93	1.00e+00	86517.00
  4	 88	C	  808	0.93	1.00e+00	86517.00
  4	 76	G	  804	0.93	1.00e+00	86517.00
  4	 51	C	  802	0.93	1.00e+00	86517.00
  3	 53	A	  802	0.93	1.00e+00	86517.00
  0	 19	A	  801	0.93	1.00e+00	86517.00
  4	 45	G	  801	0.93	1.00e+00	86517.00
  0	 62	T	  801	0.93	1.00e+00	86517.00
  3	 62	C	  801	0.93	1.00e+00	86517.00
  3	 16	C	  800	0.92	1.00e+00	86517.00
  0	130	C	  798	0.92	1.00e+00	86517.00
  2	 81	C	  797	0.92	1.00e+00	86517.00
  2	 66	C	  797	0.92	1.00e+00	86517.00
  2	108	A	  796	0.92	1.00e+00	86517.00
  2	166	C	  796	0.92	1.00e+00	86517.00
  2	133	G	  794	0.92	1.00e+00	86517.00
  3	122	C	  794	0.92	1.00e+00	86517.00
  0	141	T	  789	0.91	1.00e+00	86517.00
  3	 71	A	  787	0.91	1.00e+00	86517.00
  4	 62	T	  786	0.91	1.00e+00	86517.00
  2	 41	T	  786	0.91	1.00e+00	86517.00
  1	 82	C	  785	0.91	1.00e+00	86517.00
  1	 95	A	  785	0.91	1.00e+00	86517.00
  2	 23	A	  784	0.91	1.00e+00	86517.00
  3	 58	C	  784	0.91	1.00e+00	86517.00
  0	 65	A	  783	0.91	1.00e+00	86517.00
  4	 94	G	  780	0.90	1.00e+00	86517.00
  2	 23	C	  780	0.90	1.00e+00	86517.00
  4	126	A	  777	0.90	1.00e+00	86517.00
  4	 95	G	  776	0.90	1.00e+00	86517.00
  1	 89	A	  776	0.90	1.00e+00	86517.00
  0	117	A	  775	0.90	1.00e+00	86517.00
  0	 89	G	  774	0.89	1.00e+00	86517.00
  3	 43	T	  774	0.89	1.00e+00	86517.00
  0	 49	T	  773	0.89	1.00e+00	86517.00
  3	 98	G	  772	0.89	1.00e+00	86517.00
  4	129	A	  771	0.89	1.00e+00	86517.00
  4	100	G	  769	0.89	1.00e+00	86517.00
  4	135	C	  769	0.89	1.00e+00	86517.00
  2	125	G	  769	0.89	1.00e+00	86517.00
  2	 52	G	  769	0.89	1.00e+00	86517.00
  4	108	T	  764	0.88	1.00e+00	86517.00
  3	 82	A	  763	0.88	1.00e+00	86517.00
  4	 26	T	  763	0.88	1.00e+00	86517.00
  2	119	T	  762	0.88	1.00e+00	86517.00
  4	115	G	  762	0.88	1.00e+00	86517.00
  2	 43	C	  759	0.88	1.00e+00	86517.00
  2	118	C	  758	0.88	1.00e+00	86517.00
  3	117	T	  758	0.88	1.00e+00	86517.00
  0	 51	C	  757	0.87	1.00e+00	86517.00
  1	107	A	  757	0.87	1.00e+00	86517.00
  2	122	G	  757	0.87	1.00e+00	86517.00
  4	125	T	  757	0.87	1.00e+00	86517.00
  4	 23	A	  756	0.87	1.00e+00	86517.00
  1	110	G	  756	0.87	1.00e+00	86517.00
  2	117	A	  754	0.87	1.00e+00	86517.00
  0	142	T	  754	0.87	1.00e+00	86517.00
  1	148	G	  754	0.87	1.00e+00	86517.00
  0	132	A	  752	0.87	1.00e+00	86517.00
  2	 44	A	  751	0.87	1.00e+00	86517.00
  3	149	C	  750	0.87	1.00e+00	86517.00
  0	 53	T	  750	0.87	1.00e+00	86517.00
  4	 23	T	  749	0.87	1.00e+00	86517.00
  4	132	A	  749	0.87	1.00e+00	86517.00
  1	 56	C	  748	0.86	1.00e+00	86517.00
  2	 26	A	  748	0.86	1.00e+00	86517.00
  4	 86	G	  747	0.86	1.00e+00	86517.00
  4	 63	T	  746	0.86	1.00e+00	86517.00
  4	119	T	  745	0.86	1.00e+00	86517.00
  3	 28	G	  744	0.86	1.00e+00	86517.00
  1	 70	C	  744	0.86	1.00e+00	86517.00
  0	 58	G	  744	0.86	1.00e+00	86517.00
  2	116	G	  744	0.86	1.00e+00	86517.00
  2	 23	T	  744	0.86	1.00e+00	86517.00
  4	107	G	  743	0.86	1.00e+00	86517.00
  3	130	C	  743	0.86	1.00e+00	86517.00
  1	 21	C	  742	0.86	1.00e+00	86517.00
  4	137	A	  741	0.86	1.00e+00	86517.00
  1	160	G	  741	0.86	1.00e+00	86517.00
  1	 62	C	  740	0.86	1.00e+00	86517.00
  1	 22	G	  739	0.85	1.00e+00	86517.00
  0	 50	G	  739	0.85	1.00e+00	86517.00
  1	 97	G	  737	0.85	1.00e+00	86517.00
  1	143	G	  737	0.85	1.00e+00	86517.00
  2	107	T	  737	0.85	1.00e+00	86517.00
  1	 75	G	  736	0.85	1.00e+00	86517.00
  0	116	G	  735	0.85	1.00e+00	86517.00
  0	 69	A	  735	0.85	1.00e+00	86517.00
  1	 64	T	  733	0.85	1.00e+00	86517.00
  0	 31	T	  731	0.84	1.00e+00	86517.00
  3	 91	A	  730	0.84	1.00e+00	86517.00
  2	 50	G	  730	0.84	1.00e+00	86517.00
  3	145	C	  729	0.84	1.00e+00	86517.00
  1	106	T	  729	0.84	1.00e+00	86517.00
  2	 31	A	  729	0.84	1.00e+00	86517.00
  3	 62	T	  728	0.84	1.00e+00	86517.00
  4	114	C	  727	0.84	1.00e+00	86517.00
  4	 82	C	  727	0.84	1.00e+00	86517.00
  3	 77	C	  725	0.84	1.00e+00	86517.00
  4	 38	T	  725	0.84	1.00e+00	86517.00
  0	124	G	  724	0.84	1.00e+00	86517.00
  0	132	C	  724	0.84	1.00e+00	86517.00
  3	 43	C	  724	0.84	1.00e+00	86517.00
  3	 22	G	  723	0.84	1.00e+00	86517.00
  4	 83	A	  721	0.83	1.00e+00	86517.00
  4	 57	G	  721	0.83	1.00e+00	86517.00
  4	111	G	  720	0.83	1.00e+00	86517.00
  4	 49	C	  720	0.83	1.00e+00	86517.00
  0	147	C	  720	0.83	1.00e+00	86517.00
  4	140	T	  720	0.83	1.00e+00	86517.00
  4	 92	T	  719	0.83	1.00e+00	86517.00
  2	145	C	  719	0.83	1.00e+00	86517.00
  1	111	A	  718	0.83	1.00e+00	86517.00
  4	 15	C	  718	0.83	1.00e+00	86517.00
  0	 78	C	  718	0.83	1.00e+00	86517.00
  4	 70	C	  718	0.83	1.00e+00	86517.00
  0	 95	C	  718	0.83	1.00e+00	86517.00
  3	 23	C	  716	0.83	1.00e+00	86517.00
  1	 23	T	  715	0.83	1.00e+00	86517.00
  3	 38	T	  714	0.83	1.00e+00	86517.00
  4	  6	T	  711	0.82	1.00e+00	86517.00
  2	 98	G	  711	0.82	1.00e+00	86517.00
  3	140	T	  710	0.82	1.00e+00	86517.00
  0	 54	C	  710	0.82	1.00e+00	86517.00
  4	131	T	  710	0.82	1.00e+00	86517.00
  0	 64	G	  709	0.82	1.00e+00	86517.00
  0	 27	C	  709	0.82	1.00e+00	86517.00
  2	127	T	  708	0.82	1.00e+00	86517.00
  4	 27	G	  708	0.82	1.00e+00	86517.00
  0	155	C	  708	0.82	1.00e+00	86517.00
  3	107	C	  706	0.82	1.00e+00	86517.00
  0	100	A	  706	0.82	1.00e+00	86517.00
  1	 38	T	  706	0.82	1.00e+00	86517.00
  1	 99	G	  706	0.82	1.00e+00	86517.00
  2	 74	G	  705	0.81	1.00e+00	86517.00
  1	 71	G	  705	0.81	1.00e+00	86517.00
  4	 41	C	  704	0.81	1.00e+00	86517.00
  3	 88	C	  704	0.81	1.00e+00	86517.00
  2	107	G	  703	0.81	1.00e+00	86517.00
  3	145	T	  703	0.81	1.00e+00	86517.00
  1	134	G	  702	0.81	1.00e+00	86517.00
  1	 25	G	  701	0.81	1.00e+00	86517.00
  3	 16	T	  701	0.81	1.00e+00	86517.00
  3	 19	A	  697	0.81	1.00e+00	86517.00
  4	 67	G	  697	0.81	1.00e+00	86517.00
  1	 43	C	  697	0.81	1.00e+00	86517.00
  2	 42	A	  696	0.80	1.00e+00	86517.00
  4	145	G	  693	0.80	1.00e+00	86517.00
  3	151	T	  691	0.80	1.00e+00	86517.00
  1	140	T	  691	0.80	1.00e+00	86517.00
  2	 22	G	  691	0.80	1.00e+00	86517.00
  2	 68	A	  691	0.80	1.00e+00	86517.00
  3	 66	A	  691	0.80	1.00e+00	86517.00
  3	117	A	  691	0.80	1.00e+00	86517.00
  2	 39	G	  691	0.80	1.00e+00	86517.00
  4	 34	C	  690	0.80	1.00e+00	86517.00
  2	 64	A	  690	0.80	1.00e+00	86517.00
  1	127	A	  690	0.80	1.00e+00	86517.00
  1	 33	A	  689	0.80	1.00e+00	86517.00
  1	 69	C	  687	0.79	1.00e+00	86517.00
  2	100	A	  687	0.79	1.00e+00	86517.00
  0	 27	T	  687	0.79	1.00e+00	86517.00
  2	 32	C	  687	0.79	1.00e+00	86517.00
  0	142	C	  687	0.79	1.00e+00	86517.00
  1	 31	A	  686	0.79	1.00e+00	86517.00
  0	 69	T	  686	0.79	1.00e+00	86517.00
  2	 20	G	  684	0.79	1.00e+00	86517.00
  0	159	T	  684	0.79	1.00e+00	86517.00
  1	149	C	  683	0.79	1.00e+00	86517.00
  0	122	G	  683	0.79	1.00e+00	86517.00
  2	147	C	  683	0.79	1.00e+00	86517.00
  2	 13	A	  682	0.79	1.00e+00	86517.00
  1	105	T	  681	0.79	1.00e+00	86517.00
  2	117	G	  678	0.78	1.00e+00	86517.00
  0	 23	T	  677	0.78	1.00e+00	86517.00
  4	 65	T	  677	0.78	1.00e+00	86517.00
  2	 45	G	  677	0.78	1.00e+00	86517.00
  3	 50	G	  676	0.78	1.00e+00	86517.00
  3	 71	C	  674	0.78	1.00e+00	86517.00
  1	147	A	  673	0.78	1.00e+00	86517.00
  1	 42	A	  673	0.78	1.00e+00	86517.00
  3	 96	A	  672	0.78	1.00e+00	86517.00
  3	 15	G	  671	0.78	1.00e+00	86517.00
  3	 56	A	  671	0.78	1.00e+00	86517.00
  1	 64	G	  670	0.77	1.00e+00	86517.00
  3	 71	T	  669	0.77	1.00e+00	86517.00
  0	 61	T	  668	0.77	1.00e+00	86517.00
  4	 90	A	  668	0.77	1.00e+00	86517.00
  0	 97	G	  668	0.77	1.00e+00	86517.00
  4	119	G	  666	0.77	1.00e+00	86517.00
  1	129	G	  666	0.77	1.00e+00	86517.00
  3	 38	A	  666	0.77	1.00e+00	86517.00
  2	 55	A	  665	0.77	1.00e+00	86517.00
  0	 23	A	  665	0.77	1.00e+00	86517.00
  0	 86	C	  665	0.77	1.00e+00	86517.00
  0	144	G	  664	0.77	1.00e+00	86517.00
  4	 64	A	  664	0.77	1.00e+00	86517.00
  0	 92	T	  664	0.77	1.00e+00	86517.00
  1	 67	C	  663	0.77	1.00e+00	86517.00
  1	141	A	  662	0.77	1.00e+00	86517.00
  1	 14	G	  662	0.77	1.00e+00	86517.00
  1	 81	A	  661	0.76	1.00e+00	86517.00
  0	 47	A	  661	0.76	1.00e+00	86517.00
  1	 54	A	  660	0.76	1.00e+00	86517.00
  2	 26	T	  660	0.76	1.00e+00	86517.00
  4	 69	G	  660	0.76	1.00e+00	86517.00
  1	 66	G	  658	0.76	1.00e+00	86517.00
  0	 85	G	  657	0.76	1.00e+00	86517.00
  0	 59	G	  657	0.76	1.00e+00	86517.00
  2	147	T	  657	0.76	1.00e+00	86517.00
  0	 38	T	  655	0.76	1.00e+00	86517.00
  1	 32	C	  654	0.76	1.00e+00	86517.00
  1	126	A	  654	0.76	1.00e+00	86517.00
  4	152	T	  653	0.75	1.00e+00	86517.00
  4	 26	C	  653	0.75	1.00e+00	86517.00
  3	102	G	  653	0.75	1.00e+00	86517.00
  0	162	A	  652	0.75	1.00e+00	86517.00
  4	 98	G	  652	0.75	1.00e+00	86517.00
  0	115	C	  652	0.75	1.00e+00	86517.00
  4	117	G	  651	0.75	1.00e+00	86517.00
  3	140	C	  650	0.75	1.00e+00	86517.00
  4	130	T	  649	0.75	1.00e+00	86517.00
  0	 32	C	  649	0.75	1.00e+00	86517.00
  3	 75	G	  648	0.75	1.00e+00	86517.00
  3	 90	A	  648	0.75	1.00e+00	86517.00
  1	 32	T	  648	0.75	1.00e+00	86517.00
  0	 37	C	  647	0.75	1.00e+00	86517.00
  4	127	A	  646	0.75	1.00e+00	86517.00
  2	116	T	  646	0.75	1.00e+00	86517.00
  3	 44	T	  646	0.75	1.00e+00	86517.00
  2	110	G	  646	0.75	1.00e+00	86517.00
  4	138	C	  645	0.75	1.00e+00	86517.00
  4	 35	T	  644	0.74	1.00e+00	86517.00
  4	106	C	  644	0.74	1.00e+00	86517.00
  1	 96	A	  642	0.74	1.00e+00	86517.00
  3	153	T	  642	0.74	1.00e+00	86517.00
  3	107	G	  641	0.74	1.00e+00	86517.00
  3	 40	C	  641	0.74	1.00e+00	86517.00
  3	 65	C	  640	0.74	1.00e+00	86517.00
  2	 57	A	  638	0.74	1.00e+00	86517.00
  4	 27	T	  637	0.74	1.00e+00	86517.00
  2	 94	G	  637	0.74	1.00e+00	86517.00
  1	121	A	  637	0.74	1.00e+00	86517.00
  1	 63	A	  636	0.74	1.00e+00	86517.00
  4	137	G	  636	0.74	1.00e+00	86517.00
  0	 92	G	  636	0.74	1.00e+00	86517.00
  1	 77	C	  636	0.74	1.00e+00	86517.00
  1	 81	T	  636	0.74	1.00e+00	86517.00
  0	107	G	  635	0.73	1.00e+00	86517.00
  1	112	C	  634	0.73	1.00e+00	86517.00
  2	153	C	  633	0.73	1.00e+00	86517.00
  4	135	T	  632	0.73	1.00e+00	86517.00
  1	 44	A	  632	0.73	1.00e+00	86517.00
  1	 85	C	  632	0.73	1.00e+00	86517.00
  3	 86	G	  632	0.73	1.00e+00	86517.00
  2	 22	C	  631	0.73	1.00e+00	86517.00
  2	 90	G	  631	0.73	1.00e+00	86517.00
  2	 32	T	  631	0.73	1.00e+00	86517.00
  1	125	T	  630	0.73	1.00e+00	86517.00
  2	 58	C	  629	0.73	1.00e+00	86517.00
  0	111	G	  629	0.73	1.00e+00	86517.00
  2	 72	A	  629	0.73	1.00e+00	86517.00
  0	 64	A	  628	0.73	1.00e+00	86517.00
  2	100	G	  627	0.72	1.00e+00	86517.00
  2	 82	G	  627	0.72	1.00e+00	86517.00
  1	125	A	  627	0.72	1.00e+00	86517.00
  0	148	T	  626	0.72	1.00e+00	86517.00
  3	106	T	  625	0.72	1.00e+00	86517.00
  3	 39	G	  625	0.72	1.00e+00	86517.00
  3	 65	G	  625	0.72	1.00e+00	86517.00
  3	147	C	  625	0.72	1.00e+00	86517.00
  3	132	A	  625	0.72	1.00e+00	86517.00
  0	 26	T	  625	0.72	1.00e+00	86517.00
  0	 28	A	  624	0.72	1.00e+00	86517.00
  1	 91	T	  624	0.72	1.00e+00	86517.00
  1	132	G	  624	0.72	1.00e+00	86517.00
  0	118	A	  624	0.72	1.00e+00	86517.00
  1	120	G	  623	0.72	1.00e+00	86517.00
  3	123	A	  623	0.72	1.00e+00	86517.00
  1	133	C	  623	0.72	1.00e+00	86517.00
  2	 60	A	  622	0.72	1.00e+00	86517.00
  2	 43	T	  622	0.72	1.00e+00	86517.00
  3	141	C	  622	0.72	1.00e+00	86517.00
  2	 56	A	  621	0.72	1.00e+00	86517.00
  1	 79	T	  621	0.72	1.00e+00	86517.00
  4	 60	A	  620	0.72	1.00e+00	86517.00
  4	113	C	  620	0.72	1.00e+00	86517.00
  1	 41	C	  619	0.72	1.00e+00	86517.00
  4	  9	C	  619	0.72	1.00e+00	86517.00
  4	 35	G	  618	0.71	1.00e+00	86517.00
  0	 70	G	  618	0.71	1.00e+00	86517.00
  3	111	G	  618	0.71	1.00e+00	86517.00
  1	 28	G	  618	0.71	1.00e+00	86517.00
  0	126	T	  617	0.71	1.00e+00	86517.00
  2	 61	G	  615	0.71	1.00e+00	86517.00
  4	 43	C	  615	0.71	1.00e+00	86517.00
  3	 81	G	  614	0.71	1.00e+00	86517.00
  4	 99	T	  614	0.71	1.00e+00	86517.00
  1	122	A	  613	0.71	1.00e+00	86517.00
  3	154	C	  611	0.71	1.00e+00	86517.00
  2	 55	C	  610	0.71	1.00e+00	86517.00
  4	151	C	  609	0.70	1.00e+00	86517.00
  4	 44	A	  609	0.70	1.00e+00	86517.00
  0	 78	G	  609	0.70	1.00e+00	86517.00
  0	 91	G	  609	0.70	1.00e+00	86517.00
  3	 79	T	  608	0.70	1.00e+00	86517.00
  2	  7	C	  608	0.70	1.00e+00	86517.00
  4	 83	C	  608	0.70	1.00e+00	86517.00
  2	 69	A	  608	0.70	1.00e+00	86517.00
  4	157	C	  607	0.70	1.00e+00	86517.00
  3	100	G	  605	0.70	1.00e+00	86517.00
  0	 69	G	  605	0.70	1.00e+00	86517.00
  1	 40	A	  604	0.70	1.00e+00	86517.00
  2	 37	T	  604	0.70	1.00e+00	86517.00
  0	 56	A	  604	0.70	1.00e+00	86517.00
  1	 56	T	  604	0.70	1.00e+00	86517.00
  2	 70	G	  604	0.70	1.00e+00	86517.00
  4	 80	G	  604	0.70	1.00e+00	86517.00
  4	115	C	  604	0.70	1.00e+00	86517.00
  2	142	C	  603	0.70	1.00e+00	86517.00
  2	 86	G	  602	0.70	1.00e+00	86517.00
  1	162	A	  601	0.69	1.00e+00	86517.00
  3	 72	A	  601	0.69	1.00e+00	86517.00
  2	 27	G	  600	0.69	1.00e+00	86517.00
  0	 39	C	  599	0.69	1.00e+00	86517.00
  3	  9	C	  599	0.69	1.00e+00	86517.00
  1	 70	A	  598	0.69	1.00e+00	86517.00
  4	 69	A	  598	0.69	1.00e+00	86517.00
  0	 43	T	  597	0.69	1.00e+00	86517.00
  4	127	T	  597	0.69	1.00e+00	86517.00
  2	156	T	  596	0.69	1.00e+00	86517.00
  0	153	G	  595	0.69	1.00e+00	86517.00
  1	 47	C	  595	0.69	1.00e+00	86517.00
  0	 17	A	  595	0.69	1.00e+00	86517.00
  0	 68	C	  594	0.69	1.00e+00	86517.00
  3	123	C	  594	0.69	1.00e+00	86517.00
  4	 59	T	  594	0.69	1.00e+00	86517.00
  3	155	G	  594	0.69	1.00e+00	86517.00
  3	129	C	  594	0.69	1.00e+00	86517.00
  4	141	T	  593	0.69	1.00e+00	86517.00
  3	 15	C	  593	0.69	1.00e+00	86517.00
  2	149	A	  592	0.68	1.00e+00	86517.00
  4	134	C	  591	0.68	1.00e+00	86517.00
  4	 95	T	  590	0.68	1.00e+00	86517.00
  4	 70	G	  589	0.68	1.00e+00	86517.00
  0	  7	C	  587	0.68	1.00e+00	86517.00
  1	142	C	  587	0.68	1.00e+00	86517.00
  0	 57	A	  587	0.68	1.00e+00	86517.00
  0	  8	G	  587	0.68	1.00e+00	86517.00
  2	125	C	  586	0.68	1.00e+00	86517.00
  0	 54	G	  586	0.68	1.00e+00	86517.00
  3	116	T	  586	0.68	1.00e+00	86517.00
  3	115	C	  586	0.68	1.00e+00	86517.00
  2	  9	C	  585	0.68	1.00e+00	86517.00
  0	 33	G	  585	0.68	1.00e+00	86517.00
  3	157	C	  585	0.68	1.00e+00	86517.00
  2	 47	C	  584	0.68	1.00e+00	86517.00
  4	 85	G	  584	0.68	1.00e+00	86517.00
  1	 82	A	  584	0.68	1.00e+00	86517.00
  3	 21	C	  584	0.68	1.00e+00	86517.00
  0	129	G	  583	0.67	1.00e+00	86517.00
  4	 10	C	  583	0.67	1.00e+00	86517.00
  4	 43	G	  583	0.67	1.00e+00	86517.00
  1	 47	A	  580	0.67	1.00e+00	86517.00
  4	 50	T	  579	0.67	1.00e+00	86517.00
  0	 93	T	  579	0.67	1.00e+00	86517.00
  0	 60	G	  579	0.67	1.00e+00	86517.00
  4	 75	A	  578	0.67	1.00e+00	86517.00
  4	 47	C	  578	0.67	1.00e+00	86517.00
  0	  5	C	  577	0.67	1.00e+00	86517.00
  0	123	T	  577	0.67	1.00e+00	86517.00
  3	 85	A	  576	0.67	1.00e+00	86517.00
  0	 36	G	  576	0.67	1.00e+00	86517.00
  3	  9	T	  575	0.66	1.00e+00	86517.00
  2	 54	C	  574	0.66	1.00e+00	86517.00
  3	 11	C	  574	0.66	1.00e+00	86517.00
  2	120	G	  573	0.66	1.00e+00	86517.00
  2	 19	A	  573	0.66	1.00e+00	86517.00
  4	 42	G	  573	0.66	1.00e+00	86517.00
  1	147	C	  572	0.66	1.00e+00	86517.00
  4	118	T	  571	0.66	1.00e+00	86517.00
  2	136	T	  570	0.66	1.00e+00	86517.00
  4	 46	A	  570	0.66	1.00e+00	86517.00
  1	101	G	  569	0.66	1.00e+00	86517.00
  4	  8	G	  569	0.66	1.00e+00	86517.00
  2	163	C	  569	0.66	1.00e+00	86517.00
  3	 86	C	  569	0.66	1.00e+00	86517.00
  2	 59	C	  569	0.66	1.00e+00	86517.00
  3	126	A	  568	0.66	1.00e+00	86517.00
  0	117	G	  568	0.66	1.00e+00	86517.00
  1	146	C	  568	0.66	1.00e+00	86517.00
  1	115	G	  568	0.66	1.00e+00	86517.00
  3	  7	C	  567	0.66	1.00e+00	86517.00
  3	 70	C	  567	0.66	1.00e+00	86517.00
  2	 59	A	  567	0.66	1.00e+00	86517.00
  4	 31	G	  566	0.65	1.00e+00	86517.00
  4	 36	A	  566	0.65	1.00e+00	86517.00
  1	106	G	  565	0.65	1.00e+00	86517.00
  4	 54	G	  565	0.65	1.00e+00	86517.00
  1	 25	A	  564	0.65	1.00e+00	86517.00
  4	123	A	  564	0.65	1.00e+00	86517.00
  1	 19	G	  564	0.65	1.00e+00	86517.00
  4	 99	C	  564	0.65	1.00e+00	86517.00
  3	157	T	  564	0.65	1.00e+00	86517.00
  4	102	G	  563	0.65	1.00e+00	86517.00
  3	121	G	  563	0.65	1.00e+00	86517.00
  4	162	G	  563	0.65	1.00e+00	86517.00
  4	 65	G	  563	0.65	1.00e+00	86517.00
  0	158	C	  563	0.65	1.00e+00	86517.00
  3	 23	A	  562	0.65	1.00e+00	86517.00
  4	144	C	  562	0.65	1.00e+00	86517.00
  0	138	C	  562	0.65	1.00e+00	86517.00
  4	101	C	  560	0.65	1.00e+00	86517.00
  4	 87	G	  560	0.65	1.00e+00	86517.00
  3	 54	G	  559	0.65	1.00e+00	86517.00
  1	126	T	  559	0.65	1.00e+00	86517.00
  4	 19	G	  559	0.65	1.00e+00	86517.00
  0	 46	A	  558	0.64	1.00e+00	86517.00
  4	 55	G	  557	0.64	1.00e+00	86517.00
  1	128	G	  557	0.64	1.00e+00	86517.00
  0	 20	C	  557	0.64	1.00e+00	86517.00
  1	137	C	  557	0.64	1.00e+00	86517.00
  2	  5	C	  556	0.64	1.00e+00	86517.00
  2	110	A	  556	0.64	1.00e+00	86517.00
  3	 53	G	  556	0.64	1.00e+00	86517.00
  3	 85	G	  556	0.64	1.00e+00	86517.00
  3	 25	A	  555	0.64	1.00e+00	86517.00
  0	 63	G	  554	0.64	1.00e+00	86517.00
  4	 84	A	  553	0.64	1.00e+00	86517.00
  0	 73	G	  553	0.64	1.00e+00	86517.00
  2	 43	G	  553	0.64	1.00e+00	86517.00
  1	 70	T	  552	0.64	1.00e+00	86517.00
  2	155	C	  552	0.64	1.00e+00	86517.00
  4	110	G	  552	0.64	1.00e+00	86517.00
  3	 19	G	  552	0.64	1.00e+00	86517.00
  3	 95	T	  551	0.64	1.00e+00	86517.00
  2	138	C	  549	0.63	1.00e+00	86517.00
  4	  7	C	  549	0.63	1.00e+00	86517.00
  4	101	A	  548	0.63	1.00e+00	86517.00
  2	129	G	  547	0.63	1.00e+00	86517.00
  3	 24	T	  547	0.63	1.00e+00	86517.00
  4	121	G	  547	0.63	1.00e+00	86517.00
  2	124	C	  546	0.63	1.00e+00	86517.00
  0	 99	C	  545	0.63	1.00e+00	86517.00
  3	 26	A	  545	0.63	1.00e+00	86517.00
  4	  5	C	  545	0.63	1.00e+00	86517.00
  1	149	G	  544	0.63	1.00e+00	86517.00
  0	 12	T	  544	0.63	1.00e+00	86517.00
  0	 45	G	  543	0.63	1.00e+00	86517.00
  4	140	C	  543	0.63	1.00e+00	86517.00
  0	 38	G	  542	0.63	1.00e+00	86517.00
  1	119	G	  542	0.63	1.00e+00	86517.00
  0	107	C	  542	0.63	1.00e+00	86517.00
  4	150	G	  542	0.63	1.00e+00	86517.00
  2	119	A	  542	0.63	1.00e+00	86517.00
  0	 95	T	  542	0.63	1.00e+00	86517.00
  2	 16	G	  541	0.63	1.00e+00	86517.00
  4	110	C	  541	0.63	1.00e+00	86517.00
  0	 34	A	  541	0.63	1.00e+00	86517.00
  0	128	G	  540	0.62	1.00e+00	86517.00
  2	158	G	  540	0.62	1.00e+00	86517.00
  1	 23	C	  540	0.62	1.00e+00	86517.00
  3	 83	G	  540	0.62	1.00e+00	86517.00
  3	 67	G	  539	0.62	1.00e+00	86517.00
  4	156	C	  538	0.62	1.00e+00	86517.00
  3	 74	A	  538	0.62	1.00e+00	86517.00
  3	 84	G	  538	0.62	1.00e+00	86517.00
  0	125	T	  537	0.62	1.00e+00	86517.00
  0	102	G	  536	0.62	1.00e+00	86517.00
  1	 86	G	  534	0.62	1.00e+00	86517.00
  4	 25	G	  533	0.62	1.00e+00	86517.00
  0	 24	T	  533	0.62	1.00e+00	86517.00
  0	 15	G	  533	0.62	1.00e+00	86517.00
  4	102	T	  532	0.61	1.00e+00	86517.00
  1	 82	G	  532	0.61	1.00e+00	86517.00
  3	144	C	  532	0.61	1.00e+00	86517.00
  2	161	T	  532	0.61	1.00e+00	86517.00
  4	 47	A	  531	0.61	1.00e+00	86517.00
  4	109	G	  529	0.61	1.00e+00	86517.00
  4	 24	T	  528	0.61	1.00e+00	86517.00
  4	 30	T	  528	0.61	1.00e+00	86517.00
  3	164	A	  528	0.61	1.00e+00	86517.00
  3	 88	G	  528	0.61	1.00e+00	86517.00
  3	150	G	  528	0.61	1.00e+00	86517.00
  2	 39	A	  527	0.61	1.00e+00	86517.00
  4	 40	A	  527	0.61	1.00e+00	86517.00
  4	 58	G	  526	0.61	1.00e+00	86517.00
  4	 58	C	  526	0.61	1.00e+00	86517.00
  2	 67	C	  525	0.61	1.00e+00	86517.00
  0	118	C	  525	0.61	1.00e+00	86517.00
  1	158	C	  524	0.61	1.00e+00	86517.00
  3	141	T	  523	0.60	1.00e+00	86517.00
  4	139	C	  522	0.60	1.00e+00	86517.00
  3	158	C	  522	0.60	1.00e+00	86517.00
  1	 93	C	  522	0.60	1.00e+00	86517.00
  4	 78	C	  522	0.60	1.00e+00	86517.00
  4	 37	C	  521	0.60	1.00e+00	86517.00
  3	 87	G	  520	0.60	1.00e+00	86517.00
  3	 92	T	  520	0.60	1.00e+00	86517.00
  3	102	C	  520	0.60	1.00e+00	86517.00
  4	147	C	  520	0.60	1.00e+00	86517.00
  0	  9	G	  520	0.60	1.00e+00	86517.00
  4	145	C	  520	0.60	1.00e+00	86517.00
  3	127	A	  519	0.60	1.00e+00	86517.00
  0	 88	A	  519	0.60	1.00e+00	86517.00
  1	 90	A	  518	0.60	1.00e+00	86517.00
  0	  6	A	  518	0.60	1.00e+00	86517.00
  2	123	A	  518	0.60	1.00e+00	86517.00
  3	 89	A	  518	0.60	1.00e+00	86517.00
  0	 43	G	  517	0.60	1.00e+00	86517.00
  1	154	C	  517	0.60	1.00e+00	86517.00
  4	136	C	  516	0.60	1.00e+00	86517.00
  4	 77	C	  516	0.60	1.00e+00	86517.00
  3	142	T	  516	0.60	1.00e+00	86517.00
  3	118	T	  516	0.60	1.00e+00	86517.00
  1	115	T	  516	0.60	1.00e+00	86517.00
  2	 99	T	  515	0.60	1.00e+00	86517.00
  3	124	T	  515	0.60	1.00e+00	86517.00
  1	 83	G	  515	0.60	1.00e+00	86517.00
  4	114	T	  515	0.60	1.00e+00	86517.00
  4	160	C	  515	0.60	1.00e+00	86517.00
  3	 97	G	  514	0.59	1.00e+00	86517.00
  0	 91	A	  514	0.59	1.00e+00	86517.00
  1	 45	T	  513	0.59	1.00e+00	86517.00
  1	118	G	  513	0.59	1.00e+00	86517.00
  3	110	G	  512	0.59	1.00e+00	86517.00
  0	154	G	  512	0.59	1.00e+00	86517.00
  0	 40	C	  511	0.59	1.00e+00	86517.00
  4	 25	A	  511	0.59	1.00e+00	86517.00
  0	 19	G	  510	0.59	1.00e+00	86517.00
  4	134	G	  510	0.59	1.00e+00	86517.00
  0	131	A	  510	0.59	1.00e+00	86517.00
  4	162	T	  509	0.59	1.00e+00	86517.00
  3	138	C	  509	0.59	1.00e+00	86517.00
  3	 79	G	  509	0.59	1.00e+00	86517.00
  4	 91	G	  508	0.59	1.00e+00	86517.00
  4	132	C	  508	0.59	1.00e+00	86517.00
  4	 66	T	  508	0.59	1.00e+00	86517.00
  4	 83	G	  507	0.59	1.00e+00	86517.00
  4	 61	C	  507	0.59	1.00e+00	86517.00
  2	102	C	  507	0.59	1.00e+00	86517.00
  1	147	G	  507	0.59	1.00e+00	86517.00
  0	 33	C	  507	0.59	1.00e+00	86517.00
  2	159	C	  506	0.58	1.00e+00	86517.00
  1	162	C	  506	0.58	1.00e+00	86517.00
  2	137	C	  506	0.58	1.00e+00	86517.00
  2	148	G	  506	0.58	1.00e+00	86517.00
  2	121	C	  505	0.58	1.00e+00	86517.00
  3	 67	C	  505	0.58	1.00e+00	86517.00
  4	 60	G	  504	0.58	1.00e+00	86517.00
  0	 45	C	  504	0.58	1.00e+00	86517.00
  3	116	C	  504	0.58	1.00e+00	86517.00
  1	106	C	  503	0.58	1.00e+00	86517.00
  3	  5	C	  502	0.58	1.00e+00	86517.00
  1	 98	C	  502	0.58	1.00e+00	86517.00
  2	118	G	  502	0.58	1.00e+00	86517.00
  2	107	C	  501	0.58	1.00e+00	86517.00
  2	 31	G	  501	0.58	1.00e+00	86517.00
  4	158	C	  501	0.58	1.00e+00	86517.00
  0	 14	C	  500	0.58	1.00e+00	86517.00
  1	 85	G	  500	0.58	1.00e+00	86517.00
  1	 59	G	  498	0.58	1.00e+00	86517.00
  2	 68	T	  498	0.58	1.00e+00	86517.00
  2	 40	A	  498	0.58	1.00e+00	86517.00
  2	121	A	  498	0.58	1.00e+00	86517.00
  3	 24	G	  498	0.58	1.00e+00	86517.00
  1	116	G	  498	0.58	1.00e+00	86517.00
  2	 55	G	  498	0.58	1.00e+00	86517.00
  2	 37	G	  497	0.57	1.00e+00	86517.00
  2	143	C	  497	0.57	1.00e+00	86517.00
  0	108	G	  497	0.57	1.00e+00	86517.00
  0	146	C	  497	0.57	1.00e+00	86517.00
  1	 99	A	  496	0.57	1.00e+00	86517.00
  4	 93	T	  496	0.57	1.00e+00	86517.00
  3	137	C	  496	0.57	1.00e+00	86517.00
  4	156	G	  495	0.57	1.00e+00	86517.00
  3	117	C	  495	0.57	1.00e+00	86517.00
  4	 68	A	  494	0.57	1.00e+00	86517.00
  3	 98	A	  494	0.57	1.00e+00	86517.00
  3	 34	G	  494	0.57	1.00e+00	86517.00
  4	130	G	  494	0.57	1.00e+00	86517.00
  3	 67	T	  493	0.57	1.00e+00	86517.00
  1	135	T	  493	0.57	1.00e+00	86517.00
  2	161	G	  492	0.57	1.00e+00	86517.00
  1	  5	C	  492	0.57	1.00e+00	86517.00
  2	 21	C	  491	0.57	1.00e+00	86517.00
  4	134	A	  490	0.57	1.00e+00	86517.00
  4	 28	C	  490	0.57	1.00e+00	86517.00
  4	119	A	  489	0.57	1.00e+00	86517.00
  4	 91	A	  489	0.57	1.00e+00	86517.00
  0	 61	C	  489	0.57	1.00e+00	86517.00
  3	124	C	  489	0.57	1.00e+00	86517.00
  3	 87	C	  489	0.57	1.00e+00	86517.00
  3	108	G	  489	0.57	1.00e+00	86517.00
  1	 58	G	  489	0.57	1.00e+00	86517.00
  4	111	C	  488	0.56	1.00e+00	86517.00
  0	 86	G	  487	0.56	1.00e+00	86517.00
  4	135	G	  487	0.56	1.00e+00	86517.00
  1	 95	C	  487	0.56	1.00e+00	86517.00
  1	 10	T	  486	0.56	1.00e+00	86517.00
  0	 70	T	  486	0.56	1.00e+00	86517.00
  0	 74	G	  486	0.56	1.00e+00	86517.00
  1	136	C	  485	0.56	1.00e+00	86517.00
  3	 70	T	  485	0.56	1.00e+00	86517.00
  4	 61	T	  485	0.56	1.00e+00	86517.00
  0	152	A	  484	0.56	1.00e+00	86517.00
  0	151	G	  484	0.56	1.00e+00	86517.00
  1	 46	A	  484	0.56	1.00e+00	86517.00
  1	 92	T	  483	0.56	1.00e+00	86517.00
  4	 59	G	  482	0.56	1.00e+00	86517.00
  4	133	A	  482	0.56	1.00e+00	86517.00
  4	130	C	  482	0.56	1.00e+00	86517.00
  2	130	G	  481	0.56	1.00e+00	86517.00
  1	110	A	  481	0.56	1.00e+00	86517.00
  0	 63	T	  481	0.56	1.00e+00	86517.00
  4	 12	C	  481	0.56	1.00e+00	86517.00
  4	103	G	  481	0.56	1.00e+00	86517.00
  4	129	C	  481	0.56	1.00e+00	86517.00
  4	120	A	  480	0.55	1.00e+00	86517.00
  0	110	G	  479	0.55	1.00e+00	86517.00
  0	 68	T	  479	0.55	1.00e+00	86517.00
  0	 96	G	  479	0.55	1.00e+00	86517.00
  3	 99	T	  479	0.55	1.00e+00	86517.00
  2	158	C	  479	0.55	1.00e+00	86517.00
  3	139	C	  479	0.55	1.00e+00	86517.00
  1	130	A	  479	0.55	1.00e+00	86517.00
  1	 15	G	  478	0.55	1.00e+00	86517.00
  3	 57	A	  478	0.55	1.00e+00	86517.00
  4	 68	T	  478	0.55	1.00e+00	86517.00
  4	 66	C	  477	0.55	1.00e+00	86517.00
  2	 18	A	  476	0.55	1.00e+00	86517.00
  0	109	C	  476	0.55	1.00e+00	86517.00
  1	101	C	  476	0.55	1.00e+00	86517.00
  1	 20	C	  475	0.55	1.00e+00	86517.00
  4	117	C	  475	0.55	1.00e+00	86517.00
  3	159	C	  475	0.55	1.00e+00	86517.00
  2	 93	C	  474	0.55	1.00e+00	86517.00
  1	 37	T	  474	0.55	1.00e+00	86517.00
  3	 74	G	  474	0.55	1.00e+00	86517.00
  0	121	A	  473	0.55	1.00e+00	86517.00
  1	 31	T	  473	0.55	1.00e+00	86517.00
  4	 28	G	  472	0.55	1.00e+00	86517.00
  0	124	C	  472	0.55	1.00e+00	86517.00
  1	107	G	  472	0.55	1.00e+00	86517.00
  1	 31	G	  471	0.54	1.00e+00	86517.00
  1	 39	A	  471	0.54	1.00e+00	86517.00
  4	137	C	  471	0.54	1.00e+00	86517.00
  4	120	G	  470	0.54	1.00e+00	86517.00
  0	 73	C	  470	0.54	1.00e+00	86517.00
  2	 84	G	  470	0.54	1.00e+00	86517.00
  3	 30	C	  469	0.54	1.00e+00	86517.00
  2	128	G	  469	0.54	1.00e+00	86517.00
  2	152	T	  469	0.54	1.00e+00	86517.00
  3	143	C	  469	0.54	1.00e+00	86517.00
  3	 89	G	  468	0.54	1.00e+00	86517.00
  2	 24	T	  468	0.54	1.00e+00	86517.00
  4	 69	T	  468	0.54	1.00e+00	86517.00
  2	 11	C	  468	0.54	1.00e+00	86517.00
  0	  9	C	  468	0.54	1.00e+00	86517.00
  2	 64	C	  468	0.54	1.00e+00	86517.00
  0	 81	G	  468	0.54	1.00e+00	86517.00
  0	 39	G	  466	0.54	1.00e+00	86517.00
  0	136	T	  466	0.54	1.00e+00	86517.00
  3	 24	C	  466	0.54	1.00e+00	86517.00
  2	 63	G	  465	0.54	1.00e+00	86517.00
  4	166	C	  465	0.54	1.00e+00	86517.00
  4	155	A	  465	0.54	1.00e+00	86517.00
  1	145	G	  465	0.54	1.00e+00	86517.00
  2	155	G	  464	0.54	1.00e+00	86517.00
  3	139	T	  464	0.54	1.00e+00	86517.00
  2	 78	C	  464	0.54	1.00e+00	86517.00
  0	 40	T	  464	0.54	1.00e+00	86517.00
  4	124	C	  464	0.54	1.00e+00	86517.00
  0	137	C	  464	0.54	1.00e+00	86517.00
  0	150	G	  464	0.54	1.00e+00	86517.00
  0	 94	C	  463	0.54	1.00e+00	86517.00
  1	 97	C	  463	0.54	1.00e+00	86517.00
  0	 75	A	  462	0.53	1.00e+00	86517.00
  1	 57	A	  462	0.53	1.00e+00	86517.00
  1	 54	G	  462	0.53	1.00e+00	86517.00
  2	142	A	  462	0.53	1.00e+00	86517.00
  2	150	G	  461	0.53	1.00e+00	86517.00
  2	109	C	  461	0.53	1.00e+00	86517.00
  3	 80	G	  461	0.53	1.00e+00	86517.00
  3	154	T	  461	0.53	1.00e+00	86517.00
  3	 46	C	  461	0.53	1.00e+00	86517.00
  3	 17	G	  460	0.53	1.00e+00	86517.00
  3	 92	C	  460	0.53	1.00e+00	86517.00
  4	 62	C	  460	0.53	1.00e+00	86517.00
  2	131	G	  460	0.53	1.00e+00	86517.00
  2	 30	T	  459	0.53	1.00e+00	86517.00
  1	152	G	  459	0.53	1.00e+00	86517.00
  1	 53	G	  459	0.53	1.00e+00	86517.00
  0	 46	C	  458	0.53	1.00e+00	86517.00
  4	 37	G	  458	0.53	1.00e+00	86517.00
  1	109	G	  458	0.53	1.00e+00	86517.00
  1	133	G	  457	0.53	1.00e+00	86517.00
  3	 32	A	  457	0.53	1.00e+00	86517.00
  2	 27	C	  456	0.53	1.00e+00	86517.00
  1	108	C	  456	0.53	1.00e+00	86517.00
  3	131	C	  456	0.53	1.00e+00	86517.00
  1	 52	G	  456	0.53	1.00e+00	86517.00
  2	 46	C	  456	0.53	1.00e+00	86517.00
  0	131	G	  455	0.53	1.00e+00	86517.00
  4	 74	A	  455	0.53	1.00e+00	86517.00
  4	107	C	  455	0.53	1.00e+00	86517.00
  1	 89	C	  455	0.53	1.00e+00	86517.00
  4	 61	G	  454	0.52	1.00e+00	86517.00
  4	153	T	  454	0.52	1.00e+00	86517.00
  4	 52	T	  453	0.52	1.00e+00	86517.00
  3	 47	G	  452	0.52	1.00e+00	86517.00
  4	 10	T	  452	0.52	1.00e+00	86517.00
  3	120	A	  451	0.52	1.00e+00	86517.00
  2	 14	A	  451	0.52	1.00e+00	86517.00
  0	118	G	  451	0.52	1.00e+00	86517.00
  4	154	A	  451	0.52	1.00e+00	86517.00
  4	 63	C	  451	0.52	1.00e+00	86517.00
  4	 24	C	  451	0.52	1.00e+00	86517.00
  4	 30	C	  451	0.52	1.00e+00	86517.00
  3	156	G	  450	0.52	1.00e+00	86517.00
  4	 27	C	  450	0.52	1.00e+00	86517.00
  0	 48	C	  450	0.52	1.00e+00	86517.00
  1	164	A	  450	0.52	1.00e+00	86517.00
  0	157	G	  450	0.52	1.00e+00	86517.00
  1	 46	C	  450	0.52	1.00e+00	86517.00
  2	 34	G	  450	0.52	1.00e+00	86517.00
  3	 75	C	  449	0.52	1.00e+00	86517.00
  0	112	A	  449	0.52	1.00e+00	86517.00
  1	 71	A	  449	0.52	1.00e+00	86517.00
  1	 87	C	  449	0.52	1.00e+00	86517.00
  4	 65	C	  449	0.52	1.00e+00	86517.00
  2	 94	C	  449	0.52	1.00e+00	86517.00
  3	114	T	  448	0.52	1.00e+00	86517.00
  2	 69	T	  447	0.52	1.00e+00	86517.00
  2	 44	T	  447	0.52	1.00e+00	86517.00
  4	153	C	  447	0.52	1.00e+00	86517.00
  0	139	T	  447	0.52	1.00e+00	86517.00
  2	 83	G	  447	0.52	1.00e+00	86517.00
  4	128	G	  447	0.52	1.00e+00	86517.00
  2	 12	T	  446	0.52	1.00e+00	86517.00
  4	 71	C	  446	0.52	1.00e+00	86517.00
  0	 25	G	  446	0.52	1.00e+00	86517.00
  2	 45	C	  446	0.52	1.00e+00	86517.00
  3	162	A	  445	0.51	1.00e+00	86517.00
  2	 85	G	  444	0.51	1.00e+00	86517.00
  3	136	C	  444	0.51	1.00e+00	86517.00
  0	156	T	  444	0.51	1.00e+00	86517.00
  3	 45	C	  443	0.51	1.00e+00	86517.00
  2	 92	A	  443	0.51	1.00e+00	86517.00
  0	119	A	  443	0.51	1.00e+00	86517.00
  4	 24	G	  442	0.51	1.00e+00	86517.00
  0	120	C	  442	0.51	1.00e+00	86517.00
  3	158	G	  442	0.51	1.00e+00	86517.00
  2	 33	G	  442	0.51	1.00e+00	86517.00
  4	106	T	  442	0.51	1.00e+00	86517.00
  2	149	G	  442	0.51	1.00e+00	86517.00
  1	 98	T	  442	0.51	1.00e+00	86517.00
  3	 40	G	  441	0.51	1.00e+00	86517.00
  3	128	G	  441	0.51	1.00e+00	86517.00
  2	 63	T	  440	0.51	1.00e+00	86517.00
  0	 17	G	  440	0.51	1.00e+00	86517.00
  2	 90	C	  439	0.51	1.00e+00	86517.00
  0	 61	G	  438	0.51	1.00e+00	86517.00
  3	 18	G	  438	0.51	1.00e+00	86517.00
  3	162	C	  438	0.51	1.00e+00	86517.00
  4	102	C	  438	0.51	1.00e+00	86517.00
  0	165	A	  438	0.51	1.00e+00	86517.00
  1	 50	C	  438	0.51	1.00e+00	86517.00
  2	108	G	  437	0.51	1.00e+00	86517.00
  0	153	A	  437	0.51	1.00e+00	86517.00
  4	143	C	  437	0.51	1.00e+00	86517.00
  1	103	A	  437	0.51	1.00e+00	86517.00
  4	 96	G	  436	0.50	1.00e+00	86517.00
  1	164	C	  436	0.50	1.00e+00	86517.00
  0	 87	G	  435	0.50	1.00e+00	86517.00
  2	 24	C	  435	0.50	1.00e+00	86517.00
  3	 95	C	  435	0.50	1.00e+00	86517.00
  4	 94	C	  435	0.50	1.00e+00	86517.00
  3	 36	T	  435	0.50	1.00e+00	86517.00
  4	 86	C	  434	0.50	1.00e+00	86517.00
  2	 95	G	  434	0.50	1.00e+00	86517.00
  3	 58	G	  433	0.50	1.00e+00	86517.00
  2	 97	A	  433	0.50	1.00e+00	86517.00
  4	159	C	  432	0.50	1.00e+00	86517.00
  1	 95	G	  432	0.50	1.00e+00	86517.00
  0	130	G	  432	0.50	1.00e+00	86517.00
  3	 63	C	  431	0.50	1.00e+00	86517.00
  0	 25	A	  431	0.50	1.00e+00	86517.00
  4	144	T	  431	0.50	1.00e+00	86517.00
  2	 91	A	  431	0.50	1.00e+00	86517.00
  4	 33	G	  430	0.50	1.00e+00	86517.00
  3	120	G	  430	0.50	1.00e+00	86517.00
  1	 84	G	  430	0.50	1.00e+00	86517.00
  2	143	A	  430	0.50	1.00e+00	86517.00
  3	 73	C	  429	0.50	1.00e+00	86517.00
  3	 94	C	  429	0.50	1.00e+00	86517.00
  3	156	C	  429	0.50	1.00e+00	86517.00
  2	  6	A	  429	0.50	1.00e+00	86517.00
  2	122	C	  429	0.50	1.00e+00	86517.00
  4	 18	G	  428	0.49	1.00e+00	86517.00
  4	 72	A	  427	0.49	1.00e+00	86517.00
  1	123	A	  427	0.49	1.00e+00	86517.00
  3	 63	G	  426	0.49	1.00e+00	86517.00
  0	 63	C	  426	0.49	1.00e+00	86517.00
  1	162	G	  426	0.49	1.00e+00	86517.00
  0	 20	G	  426	0.49	1.00e+00	86517.00
  1	164	T	  425	0.49	1.00e+00	86517.00
  4	108	C	  425	0.49	1.00e+00	86517.00
  1	 65	C	  425	0.49	1.00e+00	86517.00
  4	139	T	  425	0.49	1.00e+00	86517.00
  1	112	A	  424	0.49	1.00e+00	86517.00
  1	111	C	  424	0.49	1.00e+00	86517.00
  2	  8	A	  423	0.49	1.00e+00	86517.00
  0	 28	G	  423	0.49	1.00e+00	86517.00
  1	 94	C	  423	0.49	1.00e+00	86517.00
  3	129	A	  422	0.49	1.00e+00	86517.00
  3	 72	G	  422	0.49	1.00e+00	86517.00
  2	 63	C	  422	0.49	1.00e+00	86517.00
  0	 59	A	  422	0.49	1.00e+00	86517.00
  2	166	G	  421	0.49	1.00e+00	86517.00
  4	 34	G	  421	0.49	1.00e+00	86517.00
  3	 99	C	  420	0.49	1.00e+00	86517.00
  2	127	C	  418	0.48	1.00e+00	86517.00
  0	 44	T	  418	0.48	1.00e+00	86517.00
  0	 12	G	  417	0.48	1.00e+00	86517.00
  3	 82	G	  417	0.48	1.00e+00	86517.00
  2	103	C	  417	0.48	1.00e+00	86517.00
  1	 24	C	  415	0.48	1.00e+00	86517.00
  1	 39	G	  415	0.48	1.00e+00	86517.00
  2	 96	G	  415	0.48	1.00e+00	86517.00
  3	 10	T	  415	0.48	1.00e+00	86517.00
  2	115	T	  414	0.48	1.00e+00	86517.00
  2	 10	C	  414	0.48	1.00e+00	86517.00
  1	104	C	  414	0.48	1.00e+00	86517.00
  4	148	T	  414	0.48	1.00e+00	86517.00
  2	 48	A	  414	0.48	1.00e+00	86517.00
  2	157	C	  413	0.48	1.00e+00	86517.00
  4	133	C	  413	0.48	1.00e+00	86517.00
  2	 20	C	  412	0.48	1.00e+00	86517.00
  4	 56	A	  412	0.48	1.00e+00	86517.00
  2	 61	C	  412	0.48	1.00e+00	86517.00
  3	 96	C	  412	0.48	1.00e+00	86517.00
  1	 83	A	  411	0.48	1.00e+00	86517.00
  2	 17	G	  411	0.48	1.00e+00	86517.00
  3	 55	G	  411	0.48	1.00e+00	86517.00
  0	 89	C	  410	0.47	1.00e+00	86517.00
  1	 12	C	  410	0.47	1.00e+00	86517.00
  1	113	C	  409	0.47	1.00e+00	86517.00
  3	 12	C	  409	0.47	1.00e+00	86517.00
  2	 40	T	  409	0.47	1.00e+00	86517.00
  1	 58	A	  409	0.47	1.00e+00	86517.00
  4	 60	C	  408	0.47	1.00e+00	86517.00
  4	109	C	  408	0.47	1.00e+00	86517.00
  4	 67	C	  407	0.47	1.00e+00	86517.00
  2	 87	G	  406	0.47	1.00e+00	86517.00
  3	134	C	  406	0.47	1.00e+00	86517.00
  0	160	C	  406	0.47	1.00e+00	86517.00
  1	140	A	  406	0.47	1.00e+00	86517.00
  1	 60	G	  406	0.47	1.00e+00	86517.00
  3	 60	G	  405	0.47	1.00e+00	86517.00
  2	 99	C	  405	0.47	1.00e+00	86517.00
  4	 56	G	  404	0.47	1.00e+00	86517.00
  1	 64	C	  404	0.47	1.00e+00	86517.00
  1	 63	G	  404	0.47	1.00e+00	86517.00
  1	 42	G	  404	0.47	1.00e+00	86517.00
  0	125	C	  404	0.47	1.00e+00	86517.00
  0	164	T	  403	0.47	1.00e+00	86517.00
  3	 66	C	  403	0.47	1.00e+00	86517.00
  2	154	T	  402	0.46	1.00e+00	86517.00
  2	 81	G	  402	0.46	1.00e+00	86517.00
  1	150	A	  402	0.46	1.00e+00	86517.00
  1	 73	G	  402	0.46	1.00e+00	86517.00
  0	 18	G	  402	0.46	1.00e+00	86517.00
  2	 51	G	  402	0.46	1.00e+00	86517.00
  1	 91	C	  402	0.46	1.00e+00	86517.00
  2	104	A	  402	0.46	1.00e+00	86517.00
  2	148	A	  401	0.46	1.00e+00	86517.00
  4	 96	C	  401	0.46	1.00e+00	86517.00
  4	 95	C	  401	0.46	1.00e+00	86517.00
  1	129	A	  401	0.46	1.00e+00	86517.00
  3	 15	A	  401	0.46	1.00e+00	86517.00
  1	 45	C	  400	0.46	1.00e+00	86517.00
  1	 72	G	  400	0.46	1.00e+00	86517.00
  1	 80	T	  400	0.46	1.00e+00	86517.00
  0	 66	T	  399	0.46	1.00e+00	86517.00
  0	153	T	  399	0.46	1.00e+00	86517.00
  1	 24	G	  398	0.46	1.00e+00	86517.00
  4	 48	A	  398	0.46	1.00e+00	86517.00
  1	150	G	  398	0.46	1.00e+00	86517.00
  2	  4	G	  398	0.46	1.00e+00	86517.00
  4	 33	C	  398	0.46	1.00e+00	86517.00
  0	 30	C	  397	0.46	1.00e+00	86517.00
  1	 74	G	  397	0.46	1.00e+00	86517.00
  0	129	A	  397	0.46	1.00e+00	86517.00
  0	105	A	  396	0.46	1.00e+00	86517.00
  1	127	G	  396	0.46	1.00e+00	86517.00
  3	115	T	  396	0.46	1.00e+00	86517.00
  3	 59	A	  395	0.46	1.00e+00	86517.00
  2	 12	C	  394	0.46	1.00e+00	86517.00
  4	 50	C	  393	0.45	1.00e+00	86517.00
  0	149	G	  393	0.45	1.00e+00	86517.00
  4	 53	G	  393	0.45	1.00e+00	86517.00
  0	106	C	  393	0.45	1.00e+00	86517.00
  0	 59	C	  393	0.45	1.00e+00	86517.00
  1	 16	G	  392	0.45	1.00e+00	86517.00
  4	 11	C	  392	0.45	1.00e+00	86517.00
  0	 92	C	  391	0.45	1.00e+00	86517.00
  2	 89	G	  391	0.45	1.00e+00	86517.00
  0	 24	C	  391	0.45	1.00e+00	86517.00
  3	 96	G	  391	0.45	1.00e+00	86517.00
  0	127	C	  390	0.45	1.00e+00	86517.00
  1	 34	G	  390	0.45	1.00e+00	86517.00
  4	123	C	  390	0.45	1.00e+00	86517.00
  1	155	A	  390	0.45	1.00e+00	86517.00
  0	109	G	  390	0.45	1.00e+00	86517.00
  2	160	T	  390	0.45	1.00e+00	86517.00
  3	103	C	  390	0.45	1.00e+00	86517.00
  3	 18	A	  390	0.45	1.00e+00	86517.00
  0	 10	C	  389	0.45	1.00e+00	86517.00
  4	 14	G	  389	0.45	1.00e+00	86517.00
  2	 77	C	  389	0.45	1.00e+00	86517.00
  3	159	T	  389	0.45	1.00e+00	86517.00
  1	 17	A	  389	0.45	1.00e+00	86517.00
  3	 45	T	  388	0.45	1.00e+00	86517.00
  1	 69	G	  388	0.45	1.00e+00	86517.00
  4	 31	T	  388	0.45	1.00e+00	86517.00
  2	 84	A	  388	0.45	1.00e+00	86517.00
  1	 85	A	  388	0.45	1.00e+00	86517.00
  2	 62	A	  387	0.45	1.00e+00	86517.00
  2	 42	G	  387	0.45	1.00e+00	86517.00
  3	 91	G	  387	0.45	1.00e+00	86517.00
  0	102	T	  387	0.45	1.00e+00	86517.00
  0	120	G	  386	0.45	1.00e+00	86517.00
  3	 46	G	  386	0.45	1.00e+00	86517.00
  4	 92	C	  386	0.45	1.00e+00	86517.00
  2	154	G	  385	0.44	1.00e+00	86517.00
  1	131	A	  385	0.44	1.00e+00	86517.00
  0	160	A	  385	0.44	1.00e+00	86517.00
  0	 85	A	  385	0.44	1.00e+00	86517.00
  3	 57	G	  385	0.44	1.00e+00	86517.00
  0	 98	C	  384	0.44	1.00e+00	86517.00
  0	111	A	  384	0.44	1.00e+00	86517.00
  1	 67	G	  382	0.44	1.00e+00	86517.00
  1	130	G	  382	0.44	1.00e+00	86517.00
  2	 88	A	  382	0.44	1.00e+00	86517.00
  3	 19	C	  382	0.44	1.00e+00	86517.00
  3	136	T	  382	0.44	1.00e+00	86517.00
  3	 41	G	  382	0.44	1.00e+00	86517.00
  0	 93	C	  381	0.44	1.00e+00	86517.00
  2	106	C	  381	0.44	1.00e+00	86517.00
  0	145	G	  380	0.44	1.00e+00	86517.00
  2	162	G	  380	0.44	1.00e+00	86517.00
  0	 24	G	  379	0.44	1.00e+00	86517.00
  0	148	G	  378	0.44	1.00e+00	86517.00
  2	 24	G	  377	0.44	1.00e+00	86517.00
  2	 10	T	  376	0.43	1.00e+00	86517.00
  4	151	G	  376	0.43	1.00e+00	86517.00
  0	 76	G	  376	0.43	1.00e+00	86517.00
  3	 35	A	  375	0.43	1.00e+00	86517.00
  3	147	G	  375	0.43	1.00e+00	86517.00
  4	 82	G	  374	0.43	1.00e+00	86517.00
  2	 42	T	  374	0.43	1.00e+00	86517.00
  0	113	A	  374	0.43	1.00e+00	86517.00
  4	129	G	  374	0.43	1.00e+00	86517.00
  4	 45	C	  374	0.43	1.00e+00	86517.00
  4	141	C	  374	0.43	1.00e+00	86517.00
  2	 82	A	  374	0.43	1.00e+00	86517.00
  1	101	T	  373	0.43	1.00e+00	86517.00
  2	 50	C	  373	0.43	1.00e+00	86517.00
  1	110	C	  373	0.43	1.00e+00	86517.00
  4	 15	G	  372	0.43	1.00e+00	86517.00
  3	 44	C	  372	0.43	1.00e+00	86517.00
  4	 40	T	  371	0.43	1.00e+00	86517.00
  4	113	A	  371	0.43	1.00e+00	86517.00
  1	 62	G	  371	0.43	1.00e+00	86517.00
  3	 33	C	  370	0.43	1.00e+00	86517.00
  3	 95	G	  369	0.43	1.00e+00	86517.00
  0	 58	A	  368	0.43	1.00e+00	86517.00
  3	163	G	  368	0.43	1.00e+00	86517.00
  0	124	T	  368	0.43	1.00e+00	86517.00
  2	 25	C	  367	0.42	1.00e+00	86517.00
  0	 18	A	  367	0.42	1.00e+00	86517.00
  3	 68	T	  366	0.42	1.00e+00	86517.00
  3	 54	C	  366	0.42	1.00e+00	86517.00
  2	 49	C	  365	0.42	1.00e+00	86517.00
  0	 35	C	  364	0.42	1.00e+00	86517.00
  1	 28	C	  364	0.42	1.00e+00	86517.00
  0	 46	T	  364	0.42	1.00e+00	86517.00
  3	125	C	  363	0.42	1.00e+00	86517.00
  1	156	G	  363	0.42	1.00e+00	86517.00
  0	138	T	  363	0.42	1.00e+00	86517.00
  0	 53	G	  363	0.42	1.00e+00	86517.00
  1	113	T	  363	0.42	1.00e+00	86517.00
  3	 54	A	  362	0.42	1.00e+00	86517.00
  3	 61	A	  362	0.42	1.00e+00	86517.00
  4	154	G	  362	0.42	1.00e+00	86517.00
  1	124	A	  362	0.42	1.00e+00	86517.00
  3	 50	C	  361	0.42	1.00e+00	86517.00
  1	 44	T	  361	0.42	1.00e+00	86517.00
  3	  3	C	  361	0.42	1.00e+00	86517.00
  0	 88	G	  361	0.42	1.00e+00	86517.00
  2	 86	C	  360	0.42	1.00e+00	86517.00
  0	 56	G	  360	0.42	1.00e+00	86517.00
  1	 33	G	  360	0.42	1.00e+00	86517.00
  4	150	A	  359	0.41	1.00e+00	86517.00
  2	145	G	  359	0.41	1.00e+00	86517.00
  1	 96	G	  359	0.41	1.00e+00	86517.00
  0	 11	G	  359	0.41	1.00e+00	86517.00
  0	 50	C	  358	0.41	1.00e+00	86517.00
  2	 81	A	  358	0.41	1.00e+00	86517.00
  4	 51	G	  358	0.41	1.00e+00	86517.00
  2	150	A	  358	0.41	1.00e+00	86517.00
  0	 52	T	  357	0.41	1.00e+00	86517.00
  3	111	A	  357	0.41	1.00e+00	86517.00
  1	117	T	  357	0.41	1.00e+00	86517.00
  1	  9	G	  356	0.41	1.00e+00	86517.00
  4	 42	T	  356	0.41	1.00e+00	86517.00
  3	 73	G	  356	0.41	1.00e+00	86517.00
  0	123	A	  356	0.41	1.00e+00	86517.00
  1	 11	C	  355	0.41	1.00e+00	86517.00
  2	129	A	  355	0.41	1.00e+00	86517.00
  4	  3	C	  355	0.41	1.00e+00	86517.00
  2	137	T	  355	0.41	1.00e+00	86517.00
  4	 72	C	  355	0.41	1.00e+00	86517.00
  2	113	A	  355	0.41	1.00e+00	86517.00
  4	 59	C	  354	0.41	1.00e+00	86517.00
  0	 14	G	  354	0.41	1.00e+00	86517.00
  1	161	G	  353	0.41	1.00e+00	86517.00
  3	133	C	  352	0.41	1.00e+00	86517.00
  2	 73	A	  352	0.41	1.00e+00	86517.00
  3	  8	T	  351	0.41	1.00e+00	86517.00
  3	132	C	  351	0.41	1.00e+00	86517.00
  2	  4	A	  350	0.40	1.00e+00	86517.00
  4	 36	C	  350	0.40	1.00e+00	86517.00
  4	 67	T	  350	0.40	1.00e+00	86517.00
  2	156	C	  350	0.40	1.00e+00	86517.00
  1	 18	G	  350	0.40	1.00e+00	86517.00
  3	158	T	  350	0.40	1.00e+00	86517.00
  4	  9	G	  349	0.40	1.00e+00	86517.00
  3	 70	G	  348	0.40	1.00e+00	86517.00
  1	 38	G	  348	0.40	1.00e+00	86517.00
  2	  8	T	  348	0.40	1.00e+00	86517.00
  4	116	G	  348	0.40	1.00e+00	86517.00
  4	 21	C	  347	0.40	1.00e+00	86517.00
  3	153	G	  347	0.40	1.00e+00	86517.00
  3	110	C	  347	0.40	1.00e+00	86517.00
  4	  8	A	  346	0.40	1.00e+00	86517.00
  0	 51	G	  346	0.40	1.00e+00	86517.00
  2	113	C	  346	0.40	1.00e+00	86517.00
  3	 98	C	  346	0.40	1.00e+00	86517.00
  3	113	A	  345	0.40	1.00e+00	86517.00
  1	108	G	  344	0.40	1.00e+00	86517.00
  4	 21	A	  344	0.40	1.00e+00	86517.00
  0	 83	T	  344	0.40	1.00e+00	86517.00
  4	165	C	  343	0.40	1.00e+00	86517.00
  1	 16	A	  343	0.40	1.00e+00	86517.00
  2	 19	G	  343	0.40	1.00e+00	86517.00
  3	  9	G	  343	0.40	1.00e+00	86517.00
  3	101	T	  342	0.40	1.00e+00	86517.00
  0	 52	G	  342	0.40	1.00e+00	86517.00
  1	 51	T	  342	0.40	1.00e+00	86517.00
  2	 29	C	  342	0.40	1.00e+00	86517.00
  1	155	G	  342	0.40	1.00e+00	86517.00
  4	131	G	  341	0.39	1.00e+00	86517.00
  3	133	A	  341	0.39	1.00e+00	86517.00
  1	 59	C	  341	0.39	1.00e+00	86517.00
  2	135	A	  339	0.39	1.00e+00	86517.00
  3	138	G	  339	0.39	1.00e+00	86517.00
  4	 98	C	  339	0.39	1.00e+00	86517.00
  0	 75	G	  339	0.39	1.00e+00	86517.00
  0	 45	T	  339	0.39	1.00e+00	86517.00
  3	 93	C	  339	0.39	1.00e+00	86517.00
  2	136	C	  339	0.39	1.00e+00	86517.00
  1	 24	T	  339	0.39	1.00e+00	86517.00
  4	 85	A	  338	0.39	1.00e+00	86517.00
  3	  8	A	  338	0.39	1.00e+00	86517.00
  0	122	A	  338	0.39	1.00e+00	86517.00
  0	161	C	  338	0.39	1.00e+00	86517.00
  4	 36	T	  338	0.39	1.00e+00	86517.00
  1	 37	G	  338	0.39	1.00e+00	86517.00
  3	104	A	  337	0.39	1.00e+00	86517.00
  3	 37	T	  337	0.39	1.00e+00	86517.00
  2	 73	C	  337	0.39	1.00e+00	86517.00
  0	 25	C	  336	0.39	1.00e+00	86517.00
  1	 43	G	  336	0.39	1.00e+00	86517.00
  1	144	C	  335	0.39	1.00e+00	86517.00
  3	142	C	  335	0.39	1.00e+00	86517.00
  4	 23	C	  334	0.39	1.00e+00	86517.00
  1	155	C	  334	0.39	1.00e+00	86517.00
  3	114	C	  334	0.39	1.00e+00	86517.00
  3	 52	G	  334	0.39	1.00e+00	86517.00
  3	  4	A	  333	0.38	1.00e+00	86517.00
  3	 68	C	  333	0.38	1.00e+00	86517.00
  1	154	T	  333	0.38	1.00e+00	86517.00
  4	 55	A	  332	0.38	1.00e+00	86517.00
  2	112	A	  332	0.38	1.00e+00	86517.00
  2	151	G	  331	0.38	1.00e+00	86517.00
  1	159	G	  331	0.38	1.00e+00	86517.00
  0	 36	C	  331	0.38	1.00e+00	86517.00
  1	  9	T	  330	0.38	1.00e+00	86517.00
  0	 82	G	  330	0.38	1.00e+00	86517.00
  0	139	G	  329	0.38	1.00e+00	86517.00
  3	 83	A	  329	0.38	1.00e+00	86517.00
  4	 35	A	  329	0.38	1.00e+00	86517.00
  2	 65	C	  329	0.38	1.00e+00	86517.00
  3	 21	A	  329	0.38	1.00e+00	86517.00
  0	111	C	  328	0.38	1.00e+00	86517.00
  2	127	G	  327	0.38	1.00e+00	86517.00
  2	  3	C	  327	0.38	1.00e+00	86517.00
  4	 44	T	  326	0.38	1.00e+00	86517.00
  2	 53	G	  326	0.38	1.00e+00	86517.00
  0	122	C	  326	0.38	1.00e+00	86517.00
  1	 90	C	  325	0.38	1.00e+00	86517.00
  4	125	C	  325	0.38	1.00e+00	86517.00
  0	 10	T	  325	0.38	1.00e+00	86517.00
  3	 27	A	  325	0.38	1.00e+00	86517.00
  3	112	A	  324	0.37	1.00e+00	86517.00
  0	134	A	  324	0.37	1.00e+00	86517.00
  4	107	T	  324	0.37	1.00e+00	86517.00
  4	  3	T	  322	0.37	1.00e+00	86517.00
  2	114	C	  322	0.37	1.00e+00	86517.00
  2	 56	G	  322	0.37	1.00e+00	86517.00
  0	 76	T	  322	0.37	1.00e+00	86517.00
  0	113	C	  321	0.37	1.00e+00	86517.00
  1	139	T	  320	0.37	1.00e+00	86517.00
  0	114	C	  320	0.37	1.00e+00	86517.00
  4	104	A	  320	0.37	1.00e+00	86517.00
  4	144	G	  319	0.37	1.00e+00	86517.00
  0	146	G	  319	0.37	1.00e+00	86517.00
  4	 40	G	  319	0.37	1.00e+00	86517.00
  2	  3	T	  318	0.37	1.00e+00	86517.00
  1	146	G	  318	0.37	1.00e+00	86517.00
  0	160	G	  318	0.37	1.00e+00	86517.00
  4	  6	A	  318	0.37	1.00e+00	86517.00
  4	111	A	  318	0.37	1.00e+00	86517.00
  4	  4	C	  318	0.37	1.00e+00	86517.00
  1	 42	T	  318	0.37	1.00e+00	86517.00
  1	 81	G	  317	0.37	1.00e+00	86517.00
  0	 84	G	  317	0.37	1.00e+00	86517.00
  4	121	A	  317	0.37	1.00e+00	86517.00
  3	 34	A	  317	0.37	1.00e+00	86517.00
  2	 45	T	  317	0.37	1.00e+00	86517.00
  0	 77	G	  317	0.37	1.00e+00	86517.00
  0	 21	C	  317	0.37	1.00e+00	86517.00
  0	 23	C	  317	0.37	1.00e+00	86517.00
  1	 84	A	  317	0.37	1.00e+00	86517.00
  4	 89	A	  317	0.37	1.00e+00	86517.00
  3	138	T	  316	0.37	1.00e+00	86517.00
  3	 78	T	  316	0.37	1.00e+00	86517.00
  0	157	C	  315	0.36	1.00e+00	86517.00
  1	 88	A	  315	0.36	1.00e+00	86517.00
  3	 66	T	  315	0.36	1.00e+00	86517.00
  3	  6	A	  314	0.36	1.00e+00	86517.00
  4	 18	A	  314	0.36	1.00e+00	86517.00
  0	155	T	  314	0.36	1.00e+00	86517.00
  2	 66	T	  313	0.36	1.00e+00	86517.00
  2	163	G	  312	0.36	1.00e+00	86517.00
  1	  4	C	  312	0.36	1.00e+00	86517.00
  2	 30	C	  312	0.36	1.00e+00	86517.00
  1	134	A	  312	0.36	1.00e+00	86517.00
  0	138	G	  312	0.36	1.00e+00	86517.00
  0	 55	A	  311	0.36	1.00e+00	86517.00
  3	 99	A	  311	0.36	1.00e+00	86517.00
  3	111	C	  311	0.36	1.00e+00	86517.00
  1	 19	C	  311	0.36	1.00e+00	86517.00
  3	 28	C	  311	0.36	1.00e+00	86517.00
  0	 28	C	  310	0.36	1.00e+00	86517.00
  3	155	C	  310	0.36	1.00e+00	86517.00
  3	162	G	  310	0.36	1.00e+00	86517.00
  4	142	C	  310	0.36	1.00e+00	86517.00
  2	 35	G	  310	0.36	1.00e+00	86517.00
  4	124	T	  309	0.36	1.00e+00	86517.00
  4	105	C	  309	0.36	1.00e+00	86517.00
  3	 33	A	  308	0.36	1.00e+00	86517.00
  0	115	T	  307	0.35	1.00e+00	86517.00
  3	135	A	  307	0.35	1.00e+00	86517.00
  4	 13	T	  307	0.35	1.00e+00	86517.00
  4	 91	C	  306	0.35	1.00e+00	86517.00
  1	163	G	  306	0.35	1.00e+00	86517.00
  0	 50	T	  306	0.35	1.00e+00	86517.00
  1	 86	A	  306	0.35	1.00e+00	86517.00
  0	135	C	  306	0.35	1.00e+00	86517.00
  0	 94	T	  305	0.35	1.00e+00	86517.00
  2	138	T	  305	0.35	1.00e+00	86517.00
  1	  8	T	  305	0.35	1.00e+00	86517.00
  1	152	T	  304	0.35	1.00e+00	86517.00
  4	 54	C	  304	0.35	1.00e+00	86517.00
  4	158	T	  304	0.35	1.00e+00	86517.00
  2	 18	G	  304	0.35	1.00e+00	86517.00
  0	 48	A	  303	0.35	1.00e+00	86517.00
  0	163	C	  303	0.35	1.00e+00	86517.00
  0	136	C	  303	0.35	1.00e+00	86517.00
  2	 58	A	  302	0.35	1.00e+00	86517.00
  2	138	G	  302	0.35	1.00e+00	86517.00
  4	138	G	  301	0.35	1.00e+00	86517.00
  1	166	A	  301	0.35	1.00e+00	86517.00
  0	  4	G	  301	0.35	1.00e+00	86517.00
  2	125	T	  301	0.35	1.00e+00	86517.00
  3	 90	G	  300	0.35	1.00e+00	86517.00
  3	 31	C	  300	0.35	1.00e+00	86517.00
  3	105	A	  300	0.35	1.00e+00	86517.00
  4	 79	G	  300	0.35	1.00e+00	86517.00
  3	 35	G	  300	0.35	1.00e+00	86517.00
  2	144	A	  300	0.35	1.00e+00	86517.00
  0	  3	C	  299	0.35	1.00e+00	86517.00
  0	147	G	  299	0.35	1.00e+00	86517.00
  2	148	C	  299	0.35	1.00e+00	86517.00
  3	 48	C	  299	0.35	1.00e+00	86517.00
  4	 79	T	  298	0.34	1.00e+00	86517.00
  0	 41	G	  298	0.34	1.00e+00	86517.00
  1	102	C	  297	0.34	1.00e+00	86517.00
  4	 78	T	  297	0.34	1.00e+00	86517.00
  4	 80	T	  296	0.34	1.00e+00	86517.00
  0	133	C	  295	0.34	1.00e+00	86517.00
  1	138	G	  295	0.34	1.00e+00	86517.00
  0	126	C	  295	0.34	1.00e+00	86517.00
  2	124	T	  295	0.34	1.00e+00	86517.00
  4	143	T	  294	0.34	1.00e+00	86517.00
  1	  4	A	  294	0.34	1.00e+00	86517.00
  4	  5	G	  294	0.34	1.00e+00	86517.00
  1	  6	A	  294	0.34	1.00e+00	86517.00
  1	 25	C	  294	0.34	1.00e+00	86517.00
  2	  9	G	  294	0.34	1.00e+00	86517.00
  1	 63	C	  293	0.34	1.00e+00	86517.00
  2	 85	A	  293	0.34	1.00e+00	86517.00
  0	 91	C	  293	0.34	1.00e+00	86517.00
  2	167	A	  293	0.34	1.00e+00	86517.00
  4	 46	C	  293	0.34	1.00e+00	86517.00
  4	 45	T	  291	0.34	1.00e+00	86517.00
  2	164	C	  291	0.34	1.00e+00	86517.00
  3	106	C	  291	0.34	1.00e+00	86517.00
  4	 88	A	  291	0.34	1.00e+00	86517.00
  2	109	G	  289	0.33	1.00e+00	86517.00
  0	154	T	  289	0.33	1.00e+00	86517.00
  2	  7	G	  289	0.33	1.00e+00	86517.00
  4	160	T	  289	0.33	1.00e+00	86517.00
  4	 77	G	  289	0.33	1.00e+00	86517.00
  4	103	C	  289	0.33	1.00e+00	86517.00
  2	 75	A	  288	0.33	1.00e+00	86517.00
  0	  4	A	  287	0.33	1.00e+00	86517.00
  3	139	G	  287	0.33	1.00e+00	86517.00
  3	 77	T	  287	0.33	1.00e+00	86517.00
  2	105	C	  287	0.33	1.00e+00	86517.00
  4	 39	A	  287	0.33	1.00e+00	86517.00
  3	 50	T	  287	0.33	1.00e+00	86517.00
  0	100	T	  287	0.33	1.00e+00	86517.00
  0	152	G	  286	0.33	1.00e+00	86517.00
  3	161	G	  286	0.33	1.00e+00	86517.00
  2	 65	A	  286	0.33	1.00e+00	86517.00
  0	137	T	  285	0.33	1.00e+00	86517.00
  1	  9	C	  284	0.33	1.00e+00	86517.00
  3	167	T	  283	0.33	1.00e+00	86517.00
  1	 66	C	  282	0.33	1.00e+00	86517.00
  0	  5	G	  282	0.33	1.00e+00	86517.00
  4	161	T	  281	0.32	1.00e+00	86517.00
  1	 87	A	  281	0.32	1.00e+00	86517.00
  3	  5	G	  281	0.32	1.00e+00	86517.00
  0	104	C	  281	0.32	1.00e+00	86517.00
  4	157	G	  281	0.32	1.00e+00	86517.00
  1	 13	G	  281	0.32	1.00e+00	86517.00
  0	 73	A	  281	0.32	1.00e+00	86517.00
  3	 48	A	  279	0.32	1.00e+00	86517.00
  0	105	C	  279	0.32	1.00e+00	86517.00
  2	130	A	  279	0.32	1.00e+00	86517.00
  4	112	A	  279	0.32	1.00e+00	86517.00
  4	121	C	  278	0.32	1.00e+00	86517.00
  4	 87	C	  278	0.32	1.00e+00	86517.00
  4	 44	C	  278	0.32	1.00e+00	86517.00
  3	107	T	  277	0.32	1.00e+00	86517.00
  1	131	G	  277	0.32	1.00e+00	86517.00
  0	 82	T	  276	0.32	1.00e+00	86517.00
  3	 78	G	  276	0.32	1.00e+00	86517.00
  1	 44	C	  276	0.32	1.00e+00	86517.00
  2	144	C	  276	0.32	1.00e+00	86517.00
  1	159	T	  275	0.32	1.00e+00	86517.00
  3	134	A	  275	0.32	1.00e+00	86517.00
  1	 27	A	  274	0.32	1.00e+00	86517.00
  1	 94	G	  274	0.32	1.00e+00	86517.00
  4	  4	A	  274	0.32	1.00e+00	86517.00
  4	 22	A	  274	0.32	1.00e+00	86517.00
  0	112	C	  273	0.32	1.00e+00	86517.00
  2	101	G	  273	0.32	1.00e+00	86517.00
  3	160	T	  273	0.32	1.00e+00	86517.00
  1	 86	C	  273	0.32	1.00e+00	86517.00
  3	121	C	  273	0.32	1.00e+00	86517.00
  4	  8	T	  273	0.32	1.00e+00	86517.00
  3	130	A	  272	0.31	1.00e+00	86517.00
  0	161	T	  271	0.31	1.00e+00	86517.00
  1	 55	A	  271	0.31	1.00e+00	86517.00
  2	 16	A	  271	0.31	1.00e+00	86517.00
  3	163	C	  270	0.31	1.00e+00	86517.00
  1	160	T	  269	0.31	1.00e+00	86517.00
  3	 32	C	  269	0.31	1.00e+00	86517.00
  1	 61	G	  268	0.31	1.00e+00	86517.00
  3	 39	A	  268	0.31	1.00e+00	86517.00
  0	 83	G	  268	0.31	1.00e+00	86517.00
  2	 50	T	  267	0.31	1.00e+00	86517.00
  4	 68	C	  267	0.31	1.00e+00	86517.00
  2	119	G	  266	0.31	1.00e+00	86517.00
  3	146	G	  266	0.31	1.00e+00	86517.00
  4	 20	C	  266	0.31	1.00e+00	86517.00
  1	 40	T	  265	0.31	1.00e+00	86517.00
  1	120	A	  265	0.31	1.00e+00	86517.00
  2	133	A	  265	0.31	1.00e+00	86517.00
  2	 15	A	  265	0.31	1.00e+00	86517.00
  3	137	T	  265	0.31	1.00e+00	86517.00
  4	 30	A	  264	0.31	1.00e+00	86517.00
  3	105	C	  264	0.31	1.00e+00	86517.00
  2	 67	T	  263	0.30	1.00e+00	86517.00
  1	124	C	  263	0.30	1.00e+00	86517.00
  4	 75	C	  263	0.30	1.00e+00	86517.00
  1	 69	T	  262	0.30	1.00e+00	86517.00
  4	 19	A	  262	0.30	1.00e+00	86517.00
  2	 38	G	  261	0.30	1.00e+00	86517.00
  3	 51	G	  261	0.30	1.00e+00	86517.00
  4	 34	A	  260	0.30	1.00e+00	86517.00
  3	 56	G	  259	0.30	1.00e+00	86517.00
  2	111	C	  259	0.30	1.00e+00	86517.00
  4	147	G	  259	0.30	1.00e+00	86517.00
  3	 13	G	  258	0.30	1.00e+00	86517.00
  2	 57	G	  258	0.30	1.00e+00	86517.00
  1	120	C	  258	0.30	1.00e+00	86517.00
  0	 15	C	  258	0.30	1.00e+00	86517.00
  3	 12	T	  258	0.30	1.00e+00	86517.00
  1	116	T	  257	0.30	1.00e+00	86517.00
  2	  5	G	  257	0.30	1.00e+00	86517.00
  3	  7	G	  257	0.30	1.00e+00	86517.00
  1	 60	A	  257	0.30	1.00e+00	86517.00
  2	 90	A	  257	0.30	1.00e+00	86517.00
  1	 19	A	  257	0.30	1.00e+00	86517.00
  1	 18	A	  256	0.30	1.00e+00	86517.00
  2	100	T	  256	0.30	1.00e+00	86517.00
  1	 35	G	  256	0.30	1.00e+00	86517.00
  3	 76	C	  255	0.29	1.00e+00	86517.00
  2	139	T	  255	0.29	1.00e+00	86517.00
  1	122	C	  255	0.29	1.00e+00	86517.00
  0	129	C	  254	0.29	1.00e+00	86517.00
  4	 51	T	  254	0.29	1.00e+00	86517.00
  2	 14	C	  254	0.29	1.00e+00	86517.00
  4	  7	G	  254	0.29	1.00e+00	86517.00
  4	 41	T	  254	0.29	1.00e+00	86517.00
  2	 70	T	  253	0.29	1.00e+00	86517.00
  0	104	A	  253	0.29	1.00e+00	86517.00
  2	128	C	  253	0.29	1.00e+00	86517.00
  1	  8	A	  253	0.29	1.00e+00	86517.00
  2	 16	C	  252	0.29	1.00e+00	86517.00
  2	 83	A	  252	0.29	1.00e+00	86517.00
  0	 79	G	  252	0.29	1.00e+00	86517.00
  0	151	A	  251	0.29	1.00e+00	86517.00
  2	 15	C	  251	0.29	1.00e+00	86517.00
  2	120	C	  251	0.29	1.00e+00	86517.00
  0	 74	A	  251	0.29	1.00e+00	86517.00
  1	 22	C	  251	0.29	1.00e+00	86517.00
  4	164	G	  251	0.29	1.00e+00	86517.00
  2	135	C	  250	0.29	1.00e+00	86517.00
  2	 21	A	  250	0.29	1.00e+00	86517.00
  0	120	A	  250	0.29	1.00e+00	86517.00
  4	 94	T	  250	0.29	1.00e+00	86517.00
  3	148	G	  250	0.29	1.00e+00	86517.00
  4	 12	G	  249	0.29	1.00e+00	86517.00
  3	 51	T	  249	0.29	1.00e+00	86517.00
  4	 11	T	  249	0.29	1.00e+00	86517.00
  0	  8	T	  249	0.29	1.00e+00	86517.00
  4	 86	A	  249	0.29	1.00e+00	86517.00
  2	 51	T	  249	0.29	1.00e+00	86517.00
  2	 54	G	  249	0.29	1.00e+00	86517.00
  3	 55	A	  248	0.29	1.00e+00	86517.00
  2	101	T	  248	0.29	1.00e+00	86517.00
  3	145	G	  248	0.29	1.00e+00	86517.00
  3	143	T	  248	0.29	1.00e+00	86517.00
  4	118	A	  248	0.29	1.00e+00	86517.00
  2	123	C	  247	0.29	1.00e+00	86517.00
  3	164	C	  247	0.29	1.00e+00	86517.00
  4	167	A	  247	0.29	1.00e+00	86517.00
  1	  3	C	  247	0.29	1.00e+00	86517.00
  3	104	C	  247	0.29	1.00e+00	86517.00
  2	160	G	  246	0.28	1.00e+00	86517.00
  3	121	A	  246	0.28	1.00e+00	86517.00
  1	 55	C	  246	0.28	1.00e+00	86517.00
  3	 49	C	  245	0.28	1.00e+00	86517.00
  1	 12	G	  245	0.28	1.00e+00	86517.00
  1	 22	A	  244	0.28	1.00e+00	86517.00
  1	137	T	  244	0.28	1.00e+00	86517.00
  3	  3	T	  244	0.28	1.00e+00	86517.00
  0	 80	T	  244	0.28	1.00e+00	86517.00
  3	 27	C	  243	0.28	1.00e+00	86517.00
  4	 25	C	  243	0.28	1.00e+00	86517.00
  2	165	C	  242	0.28	1.00e+00	86517.00
  0	123	C	  242	0.28	1.00e+00	86517.00
  2	 77	T	  242	0.28	1.00e+00	86517.00
  3	144	G	  242	0.28	1.00e+00	86517.00
  0	 41	T	  242	0.28	1.00e+00	86517.00
  4	 16	G	  241	0.28	1.00e+00	86517.00
  4	149	G	  241	0.28	1.00e+00	86517.00
  2	 40	G	  241	0.28	1.00e+00	86517.00
  3	122	A	  240	0.28	1.00e+00	86517.00
  3	 30	A	  240	0.28	1.00e+00	86517.00
  3	 60	A	  240	0.28	1.00e+00	86517.00
  1	 56	A	  239	0.28	1.00e+00	86517.00
  2	120	A	  239	0.28	1.00e+00	86517.00
  4	  4	G	  239	0.28	1.00e+00	86517.00
  2	 53	T	  239	0.28	1.00e+00	86517.00
  0	 72	C	  239	0.28	1.00e+00	86517.00
  3	 59	G	  239	0.28	1.00e+00	86517.00
  3	149	A	  239	0.28	1.00e+00	86517.00
  2	 88	G	  238	0.28	1.00e+00	86517.00
  0	133	A	  238	0.28	1.00e+00	86517.00
  2	 86	A	  238	0.28	1.00e+00	86517.00
  4	 81	T	  238	0.28	1.00e+00	86517.00
  4	146	C	  238	0.28	1.00e+00	86517.00
  2	 48	C	  238	0.28	1.00e+00	86517.00
  3	 22	A	  237	0.27	1.00e+00	86517.00
  0	145	C	  237	0.27	1.00e+00	86517.00
  0	162	T	  237	0.27	1.00e+00	86517.00
  0	164	A	  237	0.27	1.00e+00	86517.00
  1	114	T	  236	0.27	1.00e+00	86517.00
  1	163	C	  236	0.27	1.00e+00	86517.00
  1	  4	G	  235	0.27	1.00e+00	86517.00
  3	113	C	  235	0.27	1.00e+00	86517.00
  1	128	A	  235	0.27	1.00e+00	86517.00
  4	 38	G	  235	0.27	1.00e+00	86517.00
  0	 64	C	  235	0.27	1.00e+00	86517.00
  3	 29	C	  234	0.27	1.00e+00	86517.00
  4	161	G	  233	0.27	1.00e+00	86517.00
  1	117	G	  233	0.27	1.00e+00	86517.00
  0	110	C	  233	0.27	1.00e+00	86517.00
  0	 90	A	  232	0.27	1.00e+00	86517.00
  2	159	G	  232	0.27	1.00e+00	86517.00
  3	160	G	  231	0.27	1.00e+00	86517.00
  2	139	G	  231	0.27	1.00e+00	86517.00
  0	 78	T	  231	0.27	1.00e+00	86517.00
  2	104	C	  231	0.27	1.00e+00	86517.00
  1	 51	G	  230	0.27	1.00e+00	86517.00
  1	144	G	  230	0.27	1.00e+00	86517.00
  0	 80	G	  230	0.27	1.00e+00	86517.00
  2	133	C	  229	0.26	1.00e+00	86517.00
  2	 74	C	  229	0.26	1.00e+00	86517.00
  3	135	C	  229	0.26	1.00e+00	86517.00
  4	 87	A	  228	0.26	1.00e+00	86517.00
  2	 92	C	  228	0.26	1.00e+00	86517.00
  3	157	G	  228	0.26	1.00e+00	86517.00
  2	 78	G	  227	0.26	1.00e+00	86517.00
  4	 32	G	  227	0.26	1.00e+00	86517.00
  2	 74	A	  227	0.26	1.00e+00	86517.00
  2	129	C	  226	0.26	1.00e+00	86517.00
  3	167	A	  225	0.26	1.00e+00	86517.00
  2	 75	C	  224	0.26	1.00e+00	86517.00
  1	137	G	  224	0.26	1.00e+00	86517.00
  1	149	A	  223	0.26	1.00e+00	86517.00
  3	 13	T	  223	0.26	1.00e+00	86517.00
  2	 76	C	  223	0.26	1.00e+00	86517.00
  2	159	T	  223	0.26	1.00e+00	86517.00
  3	 38	G	  223	0.26	1.00e+00	86517.00
  4	167	T	  223	0.26	1.00e+00	86517.00
  0	 77	T	  223	0.26	1.00e+00	86517.00
  4	163	T	  222	0.26	1.00e+00	86517.00
  4	154	C	  222	0.26	1.00e+00	86517.00
  0	 71	C	  222	0.26	1.00e+00	86517.00
  3	 28	A	  222	0.26	1.00e+00	86517.00
  1	138	T	  222	0.26	1.00e+00	86517.00
  4	159	T	  222	0.26	1.00e+00	86517.00
  1	 73	C	  222	0.26	1.00e+00	86517.00
  3	 61	C	  221	0.26	1.00e+00	86517.00
  0	119	G	  221	0.26	1.00e+00	86517.00
  2	158	T	  221	0.26	1.00e+00	86517.00
  3	  4	G	  220	0.25	1.00e+00	86517.00
  3	100	T	  220	0.25	1.00e+00	86517.00
  0	 13	G	  220	0.25	1.00e+00	86517.00
  3	150	A	  220	0.25	1.00e+00	86517.00
  1	 26	C	  220	0.25	1.00e+00	86517.00
  4	115	T	  219	0.25	1.00e+00	86517.00
  4	158	G	  219	0.25	1.00e+00	86517.00
  2	 87	A	  217	0.25	1.00e+00	86517.00
  1	123	C	  216	0.25	1.00e+00	86517.00
  1	145	C	  215	0.25	1.00e+00	86517.00
  0	165	C	  215	0.25	1.00e+00	86517.00
  0	 29	C	  215	0.25	1.00e+00	86517.00
  2	 80	G	  215	0.25	1.00e+00	86517.00
  2	 96	A	  214	0.25	1.00e+00	86517.00
  0	 90	C	  214	0.25	1.00e+00	86517.00
  2	112	C	  214	0.25	1.00e+00	86517.00
  1	143	C	  214	0.25	1.00e+00	86517.00
  1	 80	G	  214	0.25	1.00e+00	86517.00
  1	 29	C	  214	0.25	1.00e+00	86517.00
  2	 44	C	  214	0.25	1.00e+00	86517.00
  1	136	T	  214	0.25	1.00e+00	86517.00
  1	109	C	  214	0.25	1.00e+00	86517.00
  4	 74	C	  213	0.25	1.00e+00	86517.00
  1	  7	C	  213	0.25	1.00e+00	86517.00
  2	 89	A	  212	0.25	1.00e+00	86517.00
  4	 76	C	  212	0.25	1.00e+00	86517.00
  2	 97	G	  212	0.25	1.00e+00	86517.00
  1	165	T	  212	0.25	1.00e+00	86517.00
  0	 65	C	  211	0.24	1.00e+00	86517.00
  1	 66	A	  210	0.24	1.00e+00	86517.00
  4	164	T	  210	0.24	1.00e+00	86517.00
  1	 21	A	  210	0.24	1.00e+00	86517.00
  2	108	C	  210	0.24	1.00e+00	86517.00
  0	 40	G	  209	0.24	1.00e+00	86517.00
  0	130	A	  209	0.24	1.00e+00	86517.00
  3	166	G	  209	0.24	1.00e+00	86517.00
  0	 30	A	  209	0.24	1.00e+00	86517.00
  2	 91	C	  209	0.24	1.00e+00	86517.00
  0	  3	T	  208	0.24	1.00e+00	86517.00
  2	164	G	  208	0.24	1.00e+00	86517.00
  3	 94	T	  208	0.24	1.00e+00	86517.00
  2	134	A	  207	0.24	1.00e+00	86517.00
  2	 29	A	  207	0.24	1.00e+00	86517.00
  2	 22	A	  207	0.24	1.00e+00	86517.00
  2	 79	G	  207	0.24	1.00e+00	86517.00
  3	112	C	  206	0.24	1.00e+00	86517.00
  1	132	A	  206	0.24	1.00e+00	86517.00
  1	 17	G	  206	0.24	1.00e+00	86517.00
  4	104	C	  206	0.24	1.00e+00	86517.00
  4	 64	C	  206	0.24	1.00e+00	86517.00
  1	158	T	  206	0.24	1.00e+00	86517.00
  4	 52	G	  206	0.24	1.00e+00	86517.00
  1	 78	G	  205	0.24	1.00e+00	86517.00
  1	 59	A	  205	0.24	1.00e+00	86517.00
  1	 88	C	  205	0.24	1.00e+00	86517.00
  1	107	C	  204	0.24	1.00e+00	86517.00
  1	 77	T	  204	0.24	1.00e+00	86517.00
  1	 72	A	  204	0.24	1.00e+00	86517.00
  2	147	G	  203	0.23	1.00e+00	86517.00
  3	 29	A	  202	0.23	1.00e+00	86517.00
  4	166	G	  201	0.23	1.00e+00	86517.00
  3	 26	C	  200	0.23	1.00e+00	86517.00
  4	 13	G	  200	0.23	1.00e+00	86517.00
  4	168	A	  200	0.23	1.00e+00	86517.00
  0	 42	T	  200	0.23	1.00e+00	86517.00
  0	 87	A	  200	0.23	1.00e+00	86517.00
  2	145	A	  199	0.23	1.00e+00	86517.00
  4	 81	G	  199	0.23	1.00e+00	86517.00
  3	 40	A	  198	0.23	1.00e+00	86517.00
  1	165	C	  198	0.23	1.00e+00	86517.00
  4	 73	C	  198	0.23	1.00e+00	86517.00
  4	 29	A	  198	0.23	1.00e+00	86517.00
  0	159	G	  196	0.23	1.00e+00	86517.00
  4	 97	G	  196	0.23	1.00e+00	86517.00
  2	146	G	  196	0.23	1.00e+00	86517.00
  2	 78	T	  196	0.23	1.00e+00	86517.00
  3	 65	T	  195	0.23	1.00e+00	86517.00
  2	157	T	  195	0.23	1.00e+00	86517.00
  4	151	A	  195	0.23	1.00e+00	86517.00
  1	 30	A	  195	0.23	1.00e+00	86517.00
  2	110	C	  195	0.23	1.00e+00	86517.00
  4	 99	A	  195	0.23	1.00e+00	86517.00
  0	 79	T	  194	0.22	1.00e+00	86517.00
  0	 95	G	  194	0.22	1.00e+00	86517.00
  2	122	A	  194	0.22	1.00e+00	86517.00
  1	 50	T	  193	0.22	1.00e+00	86517.00
  1	 48	A	  193	0.22	1.00e+00	86517.00
  3	159	G	  193	0.22	1.00e+00	86517.00
  2	 28	G	  193	0.22	1.00e+00	86517.00
  4	122	A	  192	0.22	1.00e+00	86517.00
  3	  7	A	  191	0.22	1.00e+00	86517.00
  3	109	G	  191	0.22	1.00e+00	86517.00
  2	153	T	  190	0.22	1.00e+00	86517.00
  2	 95	C	  189	0.22	1.00e+00	86517.00
  4	166	T	  189	0.22	1.00e+00	86517.00
  3	  8	G	  189	0.22	1.00e+00	86517.00
  4	 20	A	  189	0.22	1.00e+00	86517.00
  0	156	C	  188	0.22	1.00e+00	86517.00
  0	  2	A	  188	0.22	1.00e+00	86517.00
  1	 33	C	  188	0.22	1.00e+00	86517.00
  1	157	G	  188	0.22	1.00e+00	86517.00
  4	 29	C	  187	0.22	1.00e+00	86517.00
  1	 74	A	  187	0.22	1.00e+00	86517.00
  0	 51	T	  187	0.22	1.00e+00	86517.00
  3	  2	A	  186	0.21	1.00e+00	86517.00
  3	 22	C	  186	0.21	1.00e+00	86517.00
  1	 99	T	  186	0.21	1.00e+00	86517.00
  2	 13	C	  186	0.21	1.00e+00	86517.00
  3	165	C	  186	0.21	1.00e+00	86517.00
  3	 36	G	  186	0.21	1.00e+00	86517.00
  3	152	T	  186	0.21	1.00e+00	86517.00
  3	 58	A	  186	0.21	1.00e+00	86517.00
  1	 76	T	  185	0.21	1.00e+00	86517.00
  4	 73	A	  185	0.21	1.00e+00	86517.00
  1	158	G	  185	0.21	1.00e+00	86517.00
  0	134	C	  185	0.21	1.00e+00	86517.00
  2	 41	G	  184	0.21	1.00e+00	86517.00
  1	 93	T	  183	0.21	1.00e+00	86517.00
  1	 11	T	  183	0.21	1.00e+00	86517.00
  0	 13	T	  183	0.21	1.00e+00	86517.00
  0	 89	A	  182	0.21	1.00e+00	86517.00
  4	 98	A	  181	0.21	1.00e+00	86517.00
  2	  2	A	  181	0.21	1.00e+00	86517.00
  3	 20	C	  181	0.21	1.00e+00	86517.00
  1	 28	A	  181	0.21	1.00e+00	86517.00
  1	 78	T	  181	0.21	1.00e+00	86517.00
  3	131	A	  181	0.21	1.00e+00	86517.00
  1	 36	T	  180	0.21	1.00e+00	86517.00
  1	 32	G	  179	0.21	1.00e+00	86517.00
  1	  3	T	  179	0.21	1.00e+00	86517.00
  1	166	T	  179	0.21	1.00e+00	86517.00
  4	159	G	  179	0.21	1.00e+00	86517.00
  2	 17	A	  179	0.21	1.00e+00	86517.00
  4	  2	A	  178	0.21	1.00e+00	86517.00
  1	 34	A	  177	0.20	1.00e+00	86517.00
  1	 98	A	  177	0.20	1.00e+00	86517.00
  2	 20	A	  177	0.20	1.00e+00	86517.00
  3	 11	T	  177	0.20	1.00e+00	86517.00
  0	 86	A	  177	0.20	1.00e+00	86517.00
  4	165	G	  176	0.20	1.00e+00	86517.00
  1	157	T	  175	0.20	1.00e+00	86517.00
  2	 61	A	  175	0.20	1.00e+00	86517.00
  1	 49	C	  175	0.20	1.00e+00	86517.00
  4	155	G	  175	0.20	1.00e+00	86517.00
  2	 33	C	  174	0.20	1.00e+00	86517.00
  2	  9	T	  174	0.20	1.00e+00	86517.00
  4	 70	T	  174	0.20	1.00e+00	86517.00
  3	 20	A	  173	0.20	1.00e+00	86517.00
  4	  5	A	  172	0.20	1.00e+00	86517.00
  0	 37	T	  172	0.20	1.00e+00	86517.00
  2	134	C	  172	0.20	1.00e+00	86517.00
  4	 17	G	  172	0.20	1.00e+00	86517.00
  2	151	A	  171	0.20	1.00e+00	86517.00
  0	165	T	  171	0.20	1.00e+00	86517.00
  3	 12	G	  170	0.20	1.00e+00	86517.00
  1	  2	A	  170	0.20	1.00e+00	86517.00
  4	168	T	  170	0.20	1.00e+00	86517.00
  1	 77	G	  170	0.20	1.00e+00	86517.00
  3	 37	G	  169	0.20	1.00e+00	86517.00
  1	153	G	  168	0.19	1.00e+00	86517.00
  4	 12	T	  167	0.19	1.00e+00	86517.00
  0	 29	A	  166	0.19	1.00e+00	86517.00
  4	165	T	  166	0.19	1.00e+00	86517.00
  4	122	C	  166	0.19	1.00e+00	86517.00
  0	128	C	  164	0.19	1.00e+00	86517.00
  1	 10	C	  164	0.19	1.00e+00	86517.00
  2	 62	C	  164	0.19	1.00e+00	86517.00
  0	101	G	  163	0.19	1.00e+00	86517.00
  2	 34	A	  161	0.19	1.00e+00	86517.00
  1	 20	A	  161	0.19	1.00e+00	86517.00
  4	160	G	  160	0.18	1.00e+00	86517.00
  1	103	C	  159	0.18	1.00e+00	86517.00
  1	121	C	  159	0.18	1.00e+00	86517.00
  1	 41	T	  159	0.18	1.00e+00	86517.00
  1	 40	G	  158	0.18	1.00e+00	86517.00
  1	 29	A	  157	0.18	1.00e+00	86517.00
  4	168	C	  157	0.18	1.00e+00	86517.00
  2	 36	T	  157	0.18	1.00e+00	86517.00
  4	 78	G	  155	0.18	1.00e+00	86517.00
  0	 49	C	  155	0.18	1.00e+00	86517.00
  3	101	G	  154	0.18	1.00e+00	86517.00
  4	 43	T	  153	0.18	1.00e+00	86517.00
  4	 48	C	  153	0.18	1.00e+00	86517.00
  2	 12	G	  153	0.18	1.00e+00	86517.00
  2	165	T	  153	0.18	1.00e+00	86517.00
  1	 73	A	  152	0.18	1.00e+00	86517.00
  2	 32	G	  151	0.17	1.00e+00	86517.00
  2	 26	C	  151	0.17	1.00e+00	86517.00
  1	 27	C	  151	0.17	1.00e+00	86517.00
  0	161	G	  151	0.17	1.00e+00	86517.00
  2	 31	T	  151	0.17	1.00e+00	86517.00
  0	 22	C	  150	0.17	1.00e+00	86517.00
  1	167	C	  148	0.17	1.00e+00	86517.00
  2	 36	G	  147	0.17	1.00e+00	86517.00
  1	 12	T	  146	0.17	1.00e+00	86517.00
  3	 25	C	  146	0.17	1.00e+00	86517.00
  0	 34	C	  145	0.17	1.00e+00	86517.00
  0	 99	A	  144	0.17	1.00e+00	86517.00
  4	 41	G	  144	0.17	1.00e+00	86517.00
  1	 97	A	  144	0.17	1.00e+00	86517.00
  1	 79	G	  142	0.16	1.00e+00	86517.00
  1	133	A	  141	0.16	1.00e+00	86517.00
  3	 75	A	  141	0.16	1.00e+00	86517.00
  2	 27	T	  141	0.16	1.00e+00	86517.00
  3	 63	T	  140	0.16	1.00e+00	86517.00
  0	101	T	  140	0.16	1.00e+00	86517.00
  2	 30	A	  140	0.16	1.00e+00	86517.00
  0	 36	T	  139	0.16	1.00e+00	86517.00
  1	 67	A	  138	0.16	1.00e+00	86517.00
  4	148	G	  138	0.16	1.00e+00	86517.00
  0	158	T	  136	0.16	1.00e+00	86517.00
  2	  7	A	  136	0.16	1.00e+00	86517.00
  3	152	G	  136	0.16	1.00e+00	86517.00
  3	 73	A	  133	0.15	1.00e+00	86517.00
  1	 68	G	  131	0.15	1.00e+00	86517.00
  0	 98	A	  129	0.15	1.00e+00	86517.00
  2	 11	T	  129	0.15	1.00e+00	86517.00
  0	 27	G	  128	0.15	1.00e+00	86517.00
  1	 76	G	  128	0.15	1.00e+00	86517.00
  2	 98	A	  128	0.15	1.00e+00	86517.00
  1	151	G	  126	0.15	1.00e+00	86517.00
  1	100	T	  121	0.14	1.00e+00	86517.00
  0	  5	A	  121	0.14	1.00e+00	86517.00
  2	155	T	  120	0.14	1.00e+00	86517.00
  0	  9	T	  119	0.14	1.00e+00	86517.00
  2	  8	G	  119	0.14	1.00e+00	86517.00
  2	  6	G	  118	0.14	1.00e+00	86517.00
  1	100	G	  117	0.14	1.00e+00	86517.00
  1	 43	T	  117	0.14	1.00e+00	86517.00
  1	167	G	  117	0.14	1.00e+00	86517.00
  3	 31	A	  116	0.13	1.00e+00	86517.00
  4	  9	T	  116	0.13	1.00e+00	86517.00
  1	 48	C	  115	0.13	1.00e+00	86517.00
  4	  6	G	  114	0.13	1.00e+00	86517.00
  1	  5	A	  114	0.13	1.00e+00	86517.00
  3	166	A	  110	0.13	1.00e+00	86517.00
  0	  7	T	  109	0.13	1.00e+00	86517.00
  1	  7	A	  106	0.12	1.00e+00	86517.00
  4	  7	A	  104	0.12	1.00e+00	86517.00
  0	157	T	  103	0.12	1.00e+00	86517.00
  3	  5	A	  102	0.12	1.00e+00	86517.00
  3	154	G	  100	0.12	1.00e+00	86517.00
  4	152	G	  100	0.12	1.00e+00	86517.00
  3	151	G	   99	0.11	1.00e+00	86517.00
  2	153	G	   97	0.11	1.00e+00	86517.00
  3	166	C	   96	0.11	1.00e+00	86517.00
  1	 36	G	   95	0.11	1.00e+00	86517.00
  1	 41	G	   95	0.11	1.00e+00	86517.00
  0	 11	T	   95	0.11	1.00e+00	86517.00
  2	165	G	   95	0.11	1.00e+00	86517.00
  4	167	G	   93	0.11	1.00e+00	86517.00
  2	166	T	   93	0.11	1.00e+00	86517.00
  2	  3	G	   93	0.11	1.00e+00	86517.00
  3	165	T	   92	0.11	1.00e+00	86517.00
  1	154	G	   91	0.11	1.00e+00	86517.00
  2	  5	A	   87	0.10	1.00e+00	86517.00
  3	  2	G	   86	0.10	1.00e+00	86517.00
  4	153	G	   85	0.10	1.00e+00	86517.00
  2	167	G	   85	0.10	1.00e+00	86517.00
  1	  2	G	   83	0.10	1.00e+00	86517.00
  1	165	G	   83	0.10	1.00e+00	86517.00
  0	  6	G	   81	0.09	1.00e+00	86517.00
  3	  6	G	   78	0.09	1.00e+00	86517.00
  0	  7	G	   77	0.09	1.00e+00	86517.00
  0	  4	C	   73	0.08	1.00e+00	86517.00
  0	162	G	   70	0.08	1.00e+00	86517.00
  3	  4	C	   68	0.08	1.00e+00	86517.00
  3	  2	T	   68	0.08	1.00e+00	86517.00
  0	163	T	   67	0.08	1.00e+00	86517.00
  2	152	G	   67	0.08	1.00e+00	86517.00
  2	167	T	   64	0.07	1.00e+00	86517.00
  4	  2	G	   62	0.07	1.00e+00	86517.00
  2	  4	C	   60	0.07	1.00e+00	86517.00
  3	  3	G	   59	0.07	1.00e+00	86517.00
  0	  2	T	   56	0.06	1.00e+00	86517.00
  1	166	G	   55	0.06	1.00e+00	86517.00
  3	165	G	   54	0.06	1.00e+00	86517.00
  4	  3	G	   54	0.06	1.00e+00	86517.00
  0	  2	G	   52	0.06	1.00e+00	86517.00
  3	167	C	   51	0.06	1.00e+00	86517.00
  0	163	G	   51	0.06	1.00e+00	86517.00
  2	168	G	   49	0.06	1.00e+00	86517.00
  2	  2	G	   47	0.05	1.00e+00	86517.00
  0	  3	G	   36	0.04	1.00e+00	86517.00
  1	  3	G	   26	0.03	1.00e+00	86517.00
  1	167	T	   23	0.03	1.00e+00	86517.00
  2	  2	T	   21	0.02	1.00e+00	86517.00
  2	168	C	   19	0.02	1.00e+00	86517.00
  4	  2	T	   18	0.02	1.00e+00	86517.00
  2	168	T	    5	0.01	1.00e+00	86517.00

