# Variants on HOR units of type: 5m3-9 / 190
midx	pos	bas	count	freq	   p-val	 cfd.
  3	 25	T	   90	47.37	1.11e-16	   0.00
  0	 60	T	   88	46.32	1.11e-16	   0.00
  3	 36	C	   84	44.21	1.11e-16	   0.00
  4	  6	T	   79	41.58	1.11e-16	   0.00
  3	 43	A	   74	38.95	1.11e-16	   0.00
  3	 13	T	   73	38.42	1.11e-16	   0.00
  2	117	C	   71	37.37	1.11e-16	   0.00
  2	 15	T	   71	37.37	1.11e-16	   0.00
  1	 17	T	   67	35.26	1.11e-16	   0.00
  3	137	G	   66	34.74	1.11e-16	   0.00
  1	156	C	   65	34.21	1.11e-16	   0.00
  3	  4	T	   63	33.16	1.11e-16	   0.00
  2	103	G	   62	32.63	1.11e-16	   0.00
  0	154	T	   59	31.05	1.11e-16	   0.00
  2	135	A	   59	31.05	1.11e-16	   0.00
  0	159	G	   59	31.05	1.11e-16	   0.00
  4	 76	T	   57	30.00	1.11e-16	   0.00
  2	145	A	   57	30.00	1.11e-16	   0.00
  3	149	A	   54	28.42	1.11e-16	   0.00
  2	 39	C	   53	27.89	1.11e-16	   0.00
  2	131	T	   53	27.89	1.11e-16	   0.00
  4	151	A	   52	27.37	1.11e-16	   0.00
  2	130	G	   52	27.37	1.11e-16	   0.00
  2	138	G	   50	26.32	1.11e-16	   0.00
  3	113	A	   50	26.32	1.11e-16	   0.00
  1	163	C	   47	24.74	1.11e-16	   0.00
  3	124	G	   46	24.21	1.11e-16	   0.00
  2	 17	A	   45	23.68	1.11e-16	   0.00
  2	139	A	   44	23.16	1.11e-16	   0.00
  1	  9	A	   41	21.58	1.11e-16	   0.00
  2	127	T	   35	18.42	1.11e-16	   0.00
  4	 42	T	   25	13.16	1.54e-10	   0.00
  0	 36	C	   25	13.16	1.54e-10	   0.00
  4	118	A	   25	13.16	1.54e-10	   0.00
  4	157	C	   25	13.16	1.54e-10	   0.00
  0	 22	T	   23	12.11	3.91e-09	   0.00
  1	 25	C	   23	12.11	3.91e-09	   0.00
  4	 64	T	   22	11.58	1.84e-08	   0.00
  0	163	G	   21	11.05	8.25e-08	   0.00
  3	 52	G	   20	10.53	3.52e-07	   0.00
  3	  8	G	   16	8.42	6.90e-05	   0.01
  3	113	T	   15	7.89	2.24e-04	   0.04
  1	 10	A	   15	7.89	2.24e-04	   0.04
  4	160	G	   15	7.89	2.24e-04	   0.04
  3	 44	A	   14	7.37	6.81e-04	   0.13
  0	157	T	   14	7.37	6.81e-04	   0.13
  3	 75	T	   11	5.79	1.28e-02	   2.43
  1	161	C	   11	5.79	1.28e-02	   2.43
  3	106	A	   11	5.79	1.28e-02	   2.43
  4	148	A	   11	5.79	1.28e-02	   2.43
  1	 61	G	   11	5.79	1.28e-02	   2.43
  3	 14	T	   11	5.79	1.28e-02	   2.43
  2	167	A	   11	5.79	1.28e-02	   2.43
  0	 52	A	   10	5.26	2.93e-02	   5.56
  2	 15	A	   10	5.26	2.93e-02	   5.56
  2	139	G	    9	4.74	6.19e-02	  11.76
  2	130	T	    9	4.74	6.19e-02	  11.76
  3	 74	C	    9	4.74	6.19e-02	  11.76
  2	128	T	    9	4.74	6.19e-02	  11.76
  0	141	C	    9	4.74	6.19e-02	  11.76
  0	106	A	    9	4.74	6.19e-02	  11.76
  1	  4	C	    9	4.74	6.19e-02	  11.76
  2	127	G	    9	4.74	6.19e-02	  11.76
  3	 76	A	    9	4.74	6.19e-02	  11.76
  2	 75	T	    9	4.74	6.19e-02	  11.76
  3	112	A	    8	4.21	1.20e-01	  22.82
  0	143	A	    8	4.21	1.20e-01	  22.82
  2	161	A	    8	4.21	1.20e-01	  22.82
  0	 56	T	    8	4.21	1.20e-01	  22.82
  1	141	A	    8	4.21	1.20e-01	  22.82
  2	102	G	    8	4.21	1.20e-01	  22.82
  2	 73	A	    8	4.21	1.20e-01	  22.82
  4	 26	T	    7	3.68	2.13e-01	  40.52
  2	131	G	    7	3.68	2.13e-01	  40.52
  0	 77	G	    7	3.68	2.13e-01	  40.52
  0	122	C	    7	3.68	2.13e-01	  40.52
  0	 19	T	    7	3.68	2.13e-01	  40.52
  0	103	A	    7	3.68	2.13e-01	  40.52
  3	134	G	    7	3.68	2.13e-01	  40.52
  3	 37	C	    7	3.68	2.13e-01	  40.52
  0	 75	G	    7	3.68	2.13e-01	  40.52
  0	140	A	    7	3.68	2.13e-01	  40.52
  0	 67	G	    7	3.68	2.13e-01	  40.52
  0	 76	A	    7	3.68	2.13e-01	  40.52
  3	102	G	    7	3.68	2.13e-01	  40.52
  2	 17	T	    7	3.68	2.13e-01	  40.52
  0	144	T	    6	3.16	3.45e-01	  65.53
  1	128	T	    6	3.16	3.45e-01	  65.53
  2	104	G	    6	3.16	3.45e-01	  65.53
  2	162	C	    6	3.16	3.45e-01	  65.53
  2	165	G	    6	3.16	3.45e-01	  65.53
  0	 66	A	    6	3.16	3.45e-01	  65.53
  3	 93	A	    6	3.16	3.45e-01	  65.53
  3	140	A	    6	3.16	3.45e-01	  65.53
  3	 52	A	    6	3.16	3.45e-01	  65.53
  4	 27	G	    6	3.16	3.45e-01	  65.53
  1	 52	A	    6	3.16	3.45e-01	  65.53
  1	 53	C	    6	3.16	3.45e-01	  65.53
  1	 80	A	    6	3.16	3.45e-01	  65.53
  1	156	A	    6	3.16	3.45e-01	  65.53
  1	 62	A	    6	3.16	3.45e-01	  65.53
  4	 76	G	    6	3.16	3.45e-01	  65.53
  3	103	A	    6	3.16	3.45e-01	  65.53
  4	 68	T	    6	3.16	3.45e-01	  65.53
  3	148	C	    6	3.16	3.45e-01	  65.53
  2	135	G	    6	3.16	3.45e-01	  65.53
  3	 66	A	    6	3.16	3.45e-01	  65.53
  2	135	T	    6	3.16	3.45e-01	  65.53
  0	158	G	    6	3.16	3.45e-01	  65.53
  2	 89	G	    6	3.16	3.45e-01	  65.53
  4	 58	C	    5	2.63	5.07e-01	  96.29
  0	 14	A	    5	2.63	5.07e-01	  96.29
  2	 85	C	    5	2.63	5.07e-01	  96.29
  2	 90	T	    5	2.63	5.07e-01	  96.29
  2	 18	A	    5	2.63	5.07e-01	  96.29
  0	 76	T	    5	2.63	5.07e-01	  96.29
  3	114	A	    5	2.63	5.07e-01	  96.29
  1	113	T	    5	2.63	5.07e-01	  96.29
  1	118	C	    5	2.63	5.07e-01	  96.29
  4	 35	A	    5	2.63	5.07e-01	  96.29
  2	 56	T	    5	2.63	5.07e-01	  96.29
  1	108	A	    5	2.63	5.07e-01	  96.29
  1	136	A	    5	2.63	5.07e-01	  96.29
  0	 80	A	    5	2.63	5.07e-01	  96.29
  1	143	G	    5	2.63	5.07e-01	  96.29
  0	 47	G	    5	2.63	5.07e-01	  96.29
  2	 61	G	    5	2.63	5.07e-01	  96.29
  2	108	A	    5	2.63	5.07e-01	  96.29
  4	 77	T	    5	2.63	5.07e-01	  96.29
  0	119	T	    5	2.63	5.07e-01	  96.29
  1	 56	T	    5	2.63	5.07e-01	  96.29
  1	 14	A	    5	2.63	5.07e-01	  96.29
  3	 36	T	    5	2.63	5.07e-01	  96.29
  1	 81	C	    5	2.63	5.07e-01	  96.29
  4	 37	C	    5	2.63	5.07e-01	  96.29
  2	146	A	    5	2.63	5.07e-01	  96.29
  2	 31	A	    5	2.63	5.07e-01	  96.29
  3	135	T	    5	2.63	5.07e-01	  96.29
  2	 52	A	    5	2.63	5.07e-01	  96.29
  3	 32	T	    5	2.63	5.07e-01	  96.29
  2	105	T	    5	2.63	5.07e-01	  96.29
  4	 57	T	    5	2.63	5.07e-01	  96.29
  0	 55	A	    5	2.63	5.07e-01	  96.29
  4	 52	A	    5	2.63	5.07e-01	  96.29
  2	138	T	    5	2.63	5.07e-01	  96.29
  3	 35	C	    5	2.63	5.07e-01	  96.29
  4	 74	G	    5	2.63	5.07e-01	  96.29
  4	 22	G	    5	2.63	5.07e-01	  96.29
  4	 71	T	    5	2.63	5.07e-01	  96.29
  4	 61	T	    4	2.11	6.77e-01	 128.55
  4	121	G	    4	2.11	6.77e-01	 128.55
  0	 15	G	    4	2.11	6.77e-01	 128.55
  4	 29	G	    4	2.11	6.77e-01	 128.55
  1	  6	T	    4	2.11	6.77e-01	 128.55
  1	137	G	    4	2.11	6.77e-01	 128.55
  1	126	C	    4	2.11	6.77e-01	 128.55
  2	 51	C	    4	2.11	6.77e-01	 128.55
  4	145	G	    4	2.11	6.77e-01	 128.55
  0	 64	G	    4	2.11	6.77e-01	 128.55
  0	111	T	    4	2.11	6.77e-01	 128.55
  3	131	T	    4	2.11	6.77e-01	 128.55
  3	142	C	    4	2.11	6.77e-01	 128.55
  3	146	A	    4	2.11	6.77e-01	 128.55
  4	 53	T	    4	2.11	6.77e-01	 128.55
  4	103	G	    4	2.11	6.77e-01	 128.55
  0	 18	C	    4	2.11	6.77e-01	 128.55
  2	 64	A	    4	2.11	6.77e-01	 128.55
  4	 61	A	    4	2.11	6.77e-01	 128.55
  1	 57	T	    4	2.11	6.77e-01	 128.55
  1	111	G	    4	2.11	6.77e-01	 128.55
  0	107	T	    4	2.11	6.77e-01	 128.55
  1	145	T	    4	2.11	6.77e-01	 128.55
  2	 48	G	    4	2.11	6.77e-01	 128.55
  4	 17	T	    4	2.11	6.77e-01	 128.55
  1	 58	C	    4	2.11	6.77e-01	 128.55
  3	 17	T	    4	2.11	6.77e-01	 128.55
  4	159	G	    4	2.11	6.77e-01	 128.55
  3	 18	C	    4	2.11	6.77e-01	 128.55
  4	134	G	    4	2.11	6.77e-01	 128.55
  4	135	A	    4	2.11	6.77e-01	 128.55
  3	 89	G	    4	2.11	6.77e-01	 128.55
  4	160	A	    4	2.11	6.77e-01	 128.55
  0	116	A	    4	2.11	6.77e-01	 128.55
  2	 90	A	    4	2.11	6.77e-01	 128.55
  3	 66	C	    4	2.11	6.77e-01	 128.55
  3	 71	T	    4	2.11	6.77e-01	 128.55
  3	 21	T	    4	2.11	6.77e-01	 128.55
  4	 77	C	    4	2.11	6.77e-01	 128.55
  2	 27	G	    4	2.11	6.77e-01	 128.55
  1	 13	C	    4	2.11	6.77e-01	 128.55
  2	 76	A	    4	2.11	6.77e-01	 128.55
  4	 79	A	    4	2.11	6.77e-01	 128.55
  4	 80	C	    4	2.11	6.77e-01	 128.55
  1	 93	A	    4	2.11	6.77e-01	 128.55
  2	109	T	    4	2.11	6.77e-01	 128.55
  1	129	G	    4	2.11	6.77e-01	 128.55
  0	 53	C	    4	2.11	6.77e-01	 128.55
  0	146	T	    4	2.11	6.77e-01	 128.55
  2	142	A	    4	2.11	6.77e-01	 128.55
  1	 49	T	    4	2.11	6.77e-01	 128.55
  1	125	A	    4	2.11	6.77e-01	 128.55
  2	 19	G	    4	2.11	6.77e-01	 128.55
  0	 82	T	    4	2.11	6.77e-01	 128.55
  2	129	G	    4	2.11	6.77e-01	 128.55
  3	110	A	    4	2.11	6.77e-01	 128.55
  4	109	A	    4	2.11	6.77e-01	 128.55
  4	126	G	    4	2.11	6.77e-01	 128.55
  3	 77	C	    4	2.11	6.77e-01	 128.55
  2	 88	G	    4	2.11	6.77e-01	 128.55
  2	120	C	    4	2.11	6.77e-01	 128.55
  1	152	T	    4	2.11	6.77e-01	 128.55
  3	 54	A	    4	2.11	6.77e-01	 128.55
  4	 83	T	    4	2.11	6.77e-01	 128.55
  0	149	T	    4	2.11	6.77e-01	 128.55
  0	163	A	    4	2.11	6.77e-01	 128.55
  2	160	G	    4	2.11	6.77e-01	 128.55
  3	139	C	    4	2.11	6.77e-01	 128.55
  1	 48	G	    4	2.11	6.77e-01	 128.55
  2	 30	C	    4	2.11	6.77e-01	 128.55
  1	119	G	    4	2.11	6.77e-01	 128.55
  2	 70	C	    4	2.11	6.77e-01	 128.55
  2	109	G	    4	2.11	6.77e-01	 128.55
  3	 82	A	    4	2.11	6.77e-01	 128.55
  3	 20	G	    4	2.11	6.77e-01	 128.55
  0	 49	T	    4	2.11	6.77e-01	 128.55
  1	 85	C	    4	2.11	6.77e-01	 128.55
  1	163	G	    4	2.11	6.77e-01	 128.55
  4	 76	A	    4	2.11	6.77e-01	 128.55
  2	 20	G	    4	2.11	6.77e-01	 128.55
  4	150	G	    4	2.11	6.77e-01	 128.55
  1	117	C	    4	2.11	6.77e-01	 128.55
  4	 72	G	    4	2.11	6.77e-01	 128.55
  3	130	G	    4	2.11	6.77e-01	 128.55
  0	 57	T	    4	2.11	6.77e-01	 128.55
  3	159	A	    4	2.11	6.77e-01	 128.55
  0	 14	T	    4	2.11	6.77e-01	 128.55
  1	 89	C	    4	2.11	6.77e-01	 128.55
  2	 36	C	    4	2.11	6.77e-01	 128.55
  4	115	A	    4	2.11	6.77e-01	 128.55
  4	118	T	    4	2.11	6.77e-01	 128.55
  0	137	G	    4	2.11	6.77e-01	 128.55
  3	 26	T	    4	2.11	6.77e-01	 128.55
  4	113	A	    4	2.11	6.77e-01	 128.55
  2	 35	T	    4	2.11	6.77e-01	 128.55
  0	 93	A	    4	2.11	6.77e-01	 128.55
  0	132	C	    4	2.11	6.77e-01	 128.55
  1	151	C	    3	1.58	8.24e-01	 156.59
  0	 55	G	    3	1.58	8.24e-01	 156.59
  0	 71	T	    3	1.58	8.24e-01	 156.59
  0	 87	G	    3	1.58	8.24e-01	 156.59
  1	 23	A	    3	1.58	8.24e-01	 156.59
  1	134	G	    3	1.58	8.24e-01	 156.59
  2	125	T	    3	1.58	8.24e-01	 156.59
  2	140	T	    3	1.58	8.24e-01	 156.59
  4	141	C	    3	1.58	8.24e-01	 156.59
  2	126	T	    3	1.58	8.24e-01	 156.59
  3	 16	C	    3	1.58	8.24e-01	 156.59
  3	126	A	    3	1.58	8.24e-01	 156.59
  2	141	A	    3	1.58	8.24e-01	 156.59
  3	 35	A	    3	1.58	8.24e-01	 156.59
  4	 10	A	    3	1.58	8.24e-01	 156.59
  4	 85	G	    3	1.58	8.24e-01	 156.59
  0	102	G	    3	1.58	8.24e-01	 156.59
  2	 34	C	    3	1.58	8.24e-01	 156.59
  2	 35	A	    3	1.58	8.24e-01	 156.59
  4	104	T	    3	1.58	8.24e-01	 156.59
  1	 34	C	    3	1.58	8.24e-01	 156.59
  1	 35	A	    3	1.58	8.24e-01	 156.59
  3	115	C	    3	1.58	8.24e-01	 156.59
  3	 80	A	    3	1.58	8.24e-01	 156.59
  0	146	A	    3	1.58	8.24e-01	 156.59
  1	114	A	    3	1.58	8.24e-01	 156.59
  4	128	C	    3	1.58	8.24e-01	 156.59
  0	101	T	    3	1.58	8.24e-01	 156.59
  1	 55	C	    3	1.58	8.24e-01	 156.59
  2	126	C	    3	1.58	8.24e-01	 156.59
  4	161	T	    3	1.58	8.24e-01	 156.59
  4	162	A	    3	1.58	8.24e-01	 156.59
  0	112	G	    3	1.58	8.24e-01	 156.59
  1	 25	G	    3	1.58	8.24e-01	 156.59
  2	149	A	    3	1.58	8.24e-01	 156.59
  4	159	C	    3	1.58	8.24e-01	 156.59
  1	146	A	    3	1.58	8.24e-01	 156.59
  4	 36	T	    3	1.58	8.24e-01	 156.59
  0	 85	C	    3	1.58	8.24e-01	 156.59
  1	 75	G	    3	1.58	8.24e-01	 156.59
  3	 65	T	    3	1.58	8.24e-01	 156.59
  3	138	C	    3	1.58	8.24e-01	 156.59
  0	 71	A	    3	1.58	8.24e-01	 156.59
  3	 23	A	    3	1.58	8.24e-01	 156.59
  3	 33	G	    3	1.58	8.24e-01	 156.59
  2	 49	A	    3	1.58	8.24e-01	 156.59
  3	 38	A	    3	1.58	8.24e-01	 156.59
  1	  5	C	    3	1.58	8.24e-01	 156.59
  0	 33	A	    3	1.58	8.24e-01	 156.59
  0	 79	C	    3	1.58	8.24e-01	 156.59
  2	 38	A	    3	1.58	8.24e-01	 156.59
  4	 66	G	    3	1.58	8.24e-01	 156.59
  0	135	T	    3	1.58	8.24e-01	 156.59
  1	 38	A	    3	1.58	8.24e-01	 156.59
  0	 28	A	    3	1.58	8.24e-01	 156.59
  3	 41	C	    3	1.58	8.24e-01	 156.59
  3	127	G	    3	1.58	8.24e-01	 156.59
  3	 86	G	    3	1.58	8.24e-01	 156.59
  0	 63	G	    3	1.58	8.24e-01	 156.59
  1	 33	A	    3	1.58	8.24e-01	 156.59
  1	119	T	    3	1.58	8.24e-01	 156.59
  3	 28	G	    3	1.58	8.24e-01	 156.59
  3	117	T	    3	1.58	8.24e-01	 156.59
  1	 50	G	    3	1.58	8.24e-01	 156.59
  0	120	C	    3	1.58	8.24e-01	 156.59
  2	 54	T	    3	1.58	8.24e-01	 156.59
  0	 89	C	    3	1.58	8.24e-01	 156.59
  4	105	G	    3	1.58	8.24e-01	 156.59
  4	139	A	    3	1.58	8.24e-01	 156.59
  4	108	T	    3	1.58	8.24e-01	 156.59
  4	125	A	    3	1.58	8.24e-01	 156.59
  2	 37	C	    3	1.58	8.24e-01	 156.59
  3	150	C	    3	1.58	8.24e-01	 156.59
  4	 89	T	    3	1.58	8.24e-01	 156.59
  2	119	G	    3	1.58	8.24e-01	 156.59
  3	 94	G	    3	1.58	8.24e-01	 156.59
  2	114	A	    3	1.58	8.24e-01	 156.59
  3	 45	G	    3	1.58	8.24e-01	 156.59
  3	 53	T	    3	1.58	8.24e-01	 156.59
  0	109	T	    3	1.58	8.24e-01	 156.59
  1	 32	C	    3	1.58	8.24e-01	 156.59
  1	 63	G	    3	1.58	8.24e-01	 156.59
  1	 82	T	    3	1.58	8.24e-01	 156.59
  2	 67	G	    3	1.58	8.24e-01	 156.59
  0	 37	C	    3	1.58	8.24e-01	 156.59
  2	 46	T	    3	1.58	8.24e-01	 156.59
  2	132	C	    3	1.58	8.24e-01	 156.59
  4	 51	C	    3	1.58	8.24e-01	 156.59
  1	 76	T	    3	1.58	8.24e-01	 156.59
  1	120	C	    3	1.58	8.24e-01	 156.59
  1	 26	T	    3	1.58	8.24e-01	 156.59
  0	 48	G	    3	1.58	8.24e-01	 156.59
  2	 74	G	    3	1.58	8.24e-01	 156.59
  0	122	G	    3	1.58	8.24e-01	 156.59
  3	119	T	    3	1.58	8.24e-01	 156.59
  0	158	T	    3	1.58	8.24e-01	 156.59
  4	151	T	    3	1.58	8.24e-01	 156.59
  2	106	A	    3	1.58	8.24e-01	 156.59
  3	 55	G	    3	1.58	8.24e-01	 156.59
  4	 33	A	    3	1.58	8.24e-01	 156.59
  4	141	G	    3	1.58	8.24e-01	 156.59
  0	 50	T	    3	1.58	8.24e-01	 156.59
  4	 30	T	    3	1.58	8.24e-01	 156.59
  4	 36	C	    3	1.58	8.24e-01	 156.59
  0	105	A	    3	1.58	8.24e-01	 156.59
  0	 27	G	    3	1.58	8.24e-01	 156.59
  2	101	C	    3	1.58	8.24e-01	 156.59
  0	 62	T	    3	1.58	8.24e-01	 156.59
  2	  6	T	    3	1.58	8.24e-01	 156.59
  2	125	A	    3	1.58	8.24e-01	 156.59
  0	154	A	    3	1.58	8.24e-01	 156.59
  1	139	T	    3	1.58	8.24e-01	 156.59
  0	 10	A	    3	1.58	8.24e-01	 156.59
  4	140	C	    3	1.58	8.24e-01	 156.59
  0	  6	T	    3	1.58	8.24e-01	 156.59
  3	111	G	    3	1.58	8.24e-01	 156.59
  3	 25	A	    3	1.58	8.24e-01	 156.59
  1	  7	C	    3	1.58	8.24e-01	 156.59
  1	127	G	    3	1.58	8.24e-01	 156.59
  3	 12	G	    3	1.58	8.24e-01	 156.59
  0	 32	C	    3	1.58	8.24e-01	 156.59
  2	140	G	    3	1.58	8.24e-01	 156.59
  3	143	A	    3	1.58	8.24e-01	 156.59
  1	142	A	    3	1.58	8.24e-01	 156.59
  2	 84	T	    3	1.58	8.24e-01	 156.59
  4	 68	A	    3	1.58	8.24e-01	 156.59
  0	107	G	    3	1.58	8.24e-01	 156.59
  1	 49	A	    3	1.58	8.24e-01	 156.59
  3	 68	T	    3	1.58	8.24e-01	 156.59
  4	127	T	    3	1.58	8.24e-01	 156.59
  0	 13	G	    3	1.58	8.24e-01	 156.59
  1	 79	C	    3	1.58	8.24e-01	 156.59
  2	112	G	    3	1.58	8.24e-01	 156.59
  4	 75	T	    3	1.58	8.24e-01	 156.59
  4	 28	A	    3	1.58	8.24e-01	 156.59
  1	 12	C	    3	1.58	8.24e-01	 156.59
  1	 72	G	    3	1.58	8.24e-01	 156.59
  1	 85	G	    3	1.58	8.24e-01	 156.59
  0	 35	T	    3	1.58	8.24e-01	 156.59
  4	 49	A	    3	1.58	8.24e-01	 156.59
  1	 84	T	    3	1.58	8.24e-01	 156.59
  1	116	A	    3	1.58	8.24e-01	 156.59
  2	156	A	    3	1.58	8.24e-01	 156.59
  3	141	C	    3	1.58	8.24e-01	 156.59
  1	140	G	    3	1.58	8.24e-01	 156.59
  2	 71	C	    3	1.58	8.24e-01	 156.59
  2	 73	C	    3	1.58	8.24e-01	 156.59
  3	116	A	    3	1.58	8.24e-01	 156.59
  4	114	G	    3	1.58	8.24e-01	 156.59
  3	 59	A	    3	1.58	8.24e-01	 156.59
  2	 10	A	    3	1.58	8.24e-01	 156.59
  2	110	A	    3	1.58	8.24e-01	 156.59
  3	103	C	    3	1.58	8.24e-01	 156.59
  2	 40	A	    3	1.58	8.24e-01	 156.59
  1	162	A	    3	1.58	8.24e-01	 156.59
  2	 29	T	    3	1.58	8.24e-01	 156.59
  4	113	T	    3	1.58	8.24e-01	 156.59
  1	 88	G	    3	1.58	8.24e-01	 156.59
  4	117	C	    3	1.58	8.24e-01	 156.59
  2	142	T	    3	1.58	8.24e-01	 156.59
  4	112	G	    3	1.58	8.24e-01	 156.59
  4	119	A	    3	1.58	8.24e-01	 156.59
  3	118	G	    3	1.58	8.24e-01	 156.59
  0	 31	A	    3	1.58	8.24e-01	 156.59
  2	 38	T	    3	1.58	8.24e-01	 156.59
  1	149	T	    2	1.05	9.26e-01	 175.99
  3	 50	G	    2	1.05	9.26e-01	 175.99
  4	 89	A	    2	1.05	9.26e-01	 175.99
  0	 37	G	    2	1.05	9.26e-01	 175.99
  0	144	G	    2	1.05	9.26e-01	 175.99
  0	 58	C	    2	1.05	9.26e-01	 175.99
  1	 71	T	    2	1.05	9.26e-01	 175.99
  1	 91	C	    2	1.05	9.26e-01	 175.99
  1	 92	G	    2	1.05	9.26e-01	 175.99
  2	 54	C	    2	1.05	9.26e-01	 175.99
  3	 39	G	    2	1.05	9.26e-01	 175.99
  3	 60	C	    2	1.05	9.26e-01	 175.99
  4	142	G	    2	1.05	9.26e-01	 175.99
  0	 87	C	    2	1.05	9.26e-01	 175.99
  0	 88	T	    2	1.05	9.26e-01	 175.99
  1	 10	T	    2	1.05	9.26e-01	 175.99
  1	135	T	    2	1.05	9.26e-01	 175.99
  3	 72	A	    2	1.05	9.26e-01	 175.99
  4	155	C	    2	1.05	9.26e-01	 175.99
  2	103	T	    2	1.05	9.26e-01	 175.99
  3	126	T	    2	1.05	9.26e-01	 175.99
  0	104	A	    2	1.05	9.26e-01	 175.99
  4	 54	G	    2	1.05	9.26e-01	 175.99
  1	 61	C	    2	1.05	9.26e-01	 175.99
  2	 65	T	    2	1.05	9.26e-01	 175.99
  4	 64	C	    2	1.05	9.26e-01	 175.99
  4	105	A	    2	1.05	9.26e-01	 175.99
  1	 29	G	    2	1.05	9.26e-01	 175.99
  3	  8	A	    2	1.05	9.26e-01	 175.99
  1	149	A	    2	1.05	9.26e-01	 175.99
  4	 60	G	    2	1.05	9.26e-01	 175.99
  4	 95	A	    2	1.05	9.26e-01	 175.99
  4	 96	T	    2	1.05	9.26e-01	 175.99
  0	136	A	    2	1.05	9.26e-01	 175.99
  4	 34	C	    2	1.05	9.26e-01	 175.99
  4	 99	A	    2	1.05	9.26e-01	 175.99
  2	 99	T	    2	1.05	9.26e-01	 175.99
  2	147	G	    2	1.05	9.26e-01	 175.99
  3	 25	G	    2	1.05	9.26e-01	 175.99
  0	 95	T	    2	1.05	9.26e-01	 175.99
  0	 96	C	    2	1.05	9.26e-01	 175.99
  1	 36	C	    2	1.05	9.26e-01	 175.99
  3	 83	T	    2	1.05	9.26e-01	 175.99
  3	 95	C	    2	1.05	9.26e-01	 175.99
  4	  5	G	    2	1.05	9.26e-01	 175.99
  4	154	C	    2	1.05	9.26e-01	 175.99
  0	110	G	    2	1.05	9.26e-01	 175.99
  1	 76	A	    2	1.05	9.26e-01	 175.99
  1	 83	A	    2	1.05	9.26e-01	 175.99
  1	101	C	    2	1.05	9.26e-01	 175.99
  1	110	G	    2	1.05	9.26e-01	 175.99
  2	 82	T	    2	1.05	9.26e-01	 175.99
  2	110	G	    2	1.05	9.26e-01	 175.99
  3	 64	A	    2	1.05	9.26e-01	 175.99
  3	 82	G	    2	1.05	9.26e-01	 175.99
  1	157	T	    2	1.05	9.26e-01	 175.99
  3	 12	C	    2	1.05	9.26e-01	 175.99
  0	 54	G	    2	1.05	9.26e-01	 175.99
  3	 97	T	    2	1.05	9.26e-01	 175.99
  1	155	C	    2	1.05	9.26e-01	 175.99
  3	 22	G	    2	1.05	9.26e-01	 175.99
  3	 95	T	    2	1.05	9.26e-01	 175.99
  1	 24	C	    2	1.05	9.26e-01	 175.99
  1	103	T	    2	1.05	9.26e-01	 175.99
  3	 38	G	    2	1.05	9.26e-01	 175.99
  3	 90	C	    2	1.05	9.26e-01	 175.99
  3	158	G	    2	1.05	9.26e-01	 175.99
  0	111	C	    2	1.05	9.26e-01	 175.99
  1	 68	A	    2	1.05	9.26e-01	 175.99
  3	 43	C	    2	1.05	9.26e-01	 175.99
  0	 64	A	    2	1.05	9.26e-01	 175.99
  0	 65	T	    2	1.05	9.26e-01	 175.99
  1	124	C	    2	1.05	9.26e-01	 175.99
  2	 14	T	    2	1.05	9.26e-01	 175.99
  0	 81	G	    2	1.05	9.26e-01	 175.99
  3	 66	T	    2	1.05	9.26e-01	 175.99
  4	119	G	    2	1.05	9.26e-01	 175.99
  3	108	A	    2	1.05	9.26e-01	 175.99
  3	137	C	    2	1.05	9.26e-01	 175.99
  4	 65	T	    2	1.05	9.26e-01	 175.99
  0	  9	G	    2	1.05	9.26e-01	 175.99
  0	114	T	    2	1.05	9.26e-01	 175.99
  1	132	T	    2	1.05	9.26e-01	 175.99
  4	  9	G	    2	1.05	9.26e-01	 175.99
  4	 38	T	    2	1.05	9.26e-01	 175.99
  3	 14	C	    2	1.05	9.26e-01	 175.99
  2	 25	A	    2	1.05	9.26e-01	 175.99
  0	 54	T	    2	1.05	9.26e-01	 175.99
  0	139	T	    2	1.05	9.26e-01	 175.99
  2	 82	A	    2	1.05	9.26e-01	 175.99
  2	166	G	    2	1.05	9.26e-01	 175.99
  4	 82	G	    2	1.05	9.26e-01	 175.99
  0	145	A	    2	1.05	9.26e-01	 175.99
  1	 51	C	    2	1.05	9.26e-01	 175.99
  4	 83	A	    2	1.05	9.26e-01	 175.99
  2	131	A	    2	1.05	9.26e-01	 175.99
  3	107	T	    2	1.05	9.26e-01	 175.99
  3	142	A	    2	1.05	9.26e-01	 175.99
  0	 72	G	    2	1.05	9.26e-01	 175.99
  1	 91	A	    2	1.05	9.26e-01	 175.99
  1	124	T	    2	1.05	9.26e-01	 175.99
  2	 92	G	    2	1.05	9.26e-01	 175.99
  0	 68	A	    2	1.05	9.26e-01	 175.99
  0	127	C	    2	1.05	9.26e-01	 175.99
  0	162	G	    2	1.05	9.26e-01	 175.99
  1	100	A	    2	1.05	9.26e-01	 175.99
  2	 24	G	    2	1.05	9.26e-01	 175.99
  2	 26	C	    2	1.05	9.26e-01	 175.99
  3	107	G	    2	1.05	9.26e-01	 175.99
  3	127	C	    2	1.05	9.26e-01	 175.99
  0	 96	A	    2	1.05	9.26e-01	 175.99
  1	104	G	    2	1.05	9.26e-01	 175.99
  1	106	A	    2	1.05	9.26e-01	 175.99
  3	 53	G	    2	1.05	9.26e-01	 175.99
  3	 96	G	    2	1.05	9.26e-01	 175.99
  0	110	A	    2	1.05	9.26e-01	 175.99
  0	147	T	    2	1.05	9.26e-01	 175.99
  1	 97	T	    2	1.05	9.26e-01	 175.99
  3	152	T	    2	1.05	9.26e-01	 175.99
  4	 40	T	    2	1.05	9.26e-01	 175.99
  4	124	T	    2	1.05	9.26e-01	 175.99
  0	108	A	    2	1.05	9.26e-01	 175.99
  0	125	C	    2	1.05	9.26e-01	 175.99
  2	 90	C	    2	1.05	9.26e-01	 175.99
  2	 91	A	    2	1.05	9.26e-01	 175.99
  4	 20	C	    2	1.05	9.26e-01	 175.99
  4	109	G	    2	1.05	9.26e-01	 175.99
  4	 84	A	    2	1.05	9.26e-01	 175.99
  0	164	T	    2	1.05	9.26e-01	 175.99
  1	 86	G	    2	1.05	9.26e-01	 175.99
  3	 12	T	    2	1.05	9.26e-01	 175.99
  4	 82	A	    2	1.05	9.26e-01	 175.99
  4	110	A	    2	1.05	9.26e-01	 175.99
  4	156	A	    2	1.05	9.26e-01	 175.99
  0	129	C	    2	1.05	9.26e-01	 175.99
  0	156	C	    2	1.05	9.26e-01	 175.99
  2	 71	A	    2	1.05	9.26e-01	 175.99
  2	 72	G	    2	1.05	9.26e-01	 175.99
  3	 47	G	    2	1.05	9.26e-01	 175.99
  3	121	G	    2	1.05	9.26e-01	 175.99
  4	 44	T	    2	1.05	9.26e-01	 175.99
  4	 88	G	    2	1.05	9.26e-01	 175.99
  4	 93	G	    2	1.05	9.26e-01	 175.99
  0	127	T	    2	1.05	9.26e-01	 175.99
  1	153	C	    2	1.05	9.26e-01	 175.99
  1	159	C	    2	1.05	9.26e-01	 175.99
  2	115	C	    2	1.05	9.26e-01	 175.99
  3	 42	A	    2	1.05	9.26e-01	 175.99
  4	 41	C	    2	1.05	9.26e-01	 175.99
  3	 27	G	    2	1.05	9.26e-01	 175.99
  3	 28	A	    2	1.05	9.26e-01	 175.99
  3	 57	A	    2	1.05	9.26e-01	 175.99
  0	 94	G	    2	1.05	9.26e-01	 175.99
  3	 15	A	    2	1.05	9.26e-01	 175.99
  3	 64	G	    2	1.05	9.26e-01	 175.99
  1	112	G	    2	1.05	9.26e-01	 175.99
  1	115	G	    2	1.05	9.26e-01	 175.99
  1	148	A	    2	1.05	9.26e-01	 175.99
  2	 87	G	    2	1.05	9.26e-01	 175.99
  3	120	C	    2	1.05	9.26e-01	 175.99
  4	139	G	    2	1.05	9.26e-01	 175.99
  2	148	C	    2	1.05	9.26e-01	 175.99
  4	 69	C	    2	1.05	9.26e-01	 175.99
  2	132	T	    2	1.05	9.26e-01	 175.99
  4	 54	C	    2	1.05	9.26e-01	 175.99
  3	149	T	    2	1.05	9.26e-01	 175.99
  4	 38	A	    2	1.05	9.26e-01	 175.99
  4	 88	C	    2	1.05	9.26e-01	 175.99
  2	137	G	    2	1.05	9.26e-01	 175.99
  2	 47	C	    2	1.05	9.26e-01	 175.99
  3	 90	T	    2	1.05	9.26e-01	 175.99
  1	 52	T	    2	1.05	9.26e-01	 175.99
  2	 69	A	    2	1.05	9.26e-01	 175.99
  1	 41	T	    2	1.05	9.26e-01	 175.99
  3	 72	G	    2	1.05	9.26e-01	 175.99
  4	162	G	    2	1.05	9.26e-01	 175.99
  2	111	A	    2	1.05	9.26e-01	 175.99
  4	131	C	    2	1.05	9.26e-01	 175.99
  0	150	G	    2	1.05	9.26e-01	 175.99
  2	107	G	    2	1.05	9.26e-01	 175.99
  2	 95	T	    2	1.05	9.26e-01	 175.99
  0	160	G	    2	1.05	9.26e-01	 175.99
  3	 13	C	    2	1.05	9.26e-01	 175.99
  4	111	G	    2	1.05	9.26e-01	 175.99
  2	152	T	    2	1.05	9.26e-01	 175.99
  4	 46	T	    2	1.05	9.26e-01	 175.99
  0	152	A	    2	1.05	9.26e-01	 175.99
  3	 48	G	    2	1.05	9.26e-01	 175.99
  4	 81	A	    2	1.05	9.26e-01	 175.99
  4	124	C	    2	1.05	9.26e-01	 175.99
  0	 21	T	    2	1.05	9.26e-01	 175.99
  0	 22	G	    2	1.05	9.26e-01	 175.99
  2	  4	A	    2	1.05	9.26e-01	 175.99
  3	150	A	    2	1.05	9.26e-01	 175.99
  4	 86	T	    2	1.05	9.26e-01	 175.99
  1	105	T	    2	1.05	9.26e-01	 175.99
  3	128	A	    2	1.05	9.26e-01	 175.99
  4	  9	C	    2	1.05	9.26e-01	 175.99
  1	 11	G	    2	1.05	9.26e-01	 175.99
  4	 90	G	    2	1.05	9.26e-01	 175.99
  0	 68	T	    2	1.05	9.26e-01	 175.99
  0	105	T	    2	1.05	9.26e-01	 175.99
  3	156	A	    2	1.05	9.26e-01	 175.99
  3	 82	T	    2	1.05	9.26e-01	 175.99
  4	 25	G	    2	1.05	9.26e-01	 175.99
  3	118	C	    2	1.05	9.26e-01	 175.99
  3	157	T	    2	1.05	9.26e-01	 175.99
  4	 59	G	    2	1.05	9.26e-01	 175.99
  0	104	T	    2	1.05	9.26e-01	 175.99
  0	130	G	    2	1.05	9.26e-01	 175.99
  1	 44	A	    2	1.05	9.26e-01	 175.99
  1	 45	G	    2	1.05	9.26e-01	 175.99
  2	 68	C	    2	1.05	9.26e-01	 175.99
  3	 86	C	    2	1.05	9.26e-01	 175.99
  2	 55	G	    2	1.05	9.26e-01	 175.99
  2	 72	C	    2	1.05	9.26e-01	 175.99
  4	 18	C	    2	1.05	9.26e-01	 175.99
  4	 94	C	    2	1.05	9.26e-01	 175.99
  1	 58	G	    2	1.05	9.26e-01	 175.99
  2	 68	A	    2	1.05	9.26e-01	 175.99
  4	 74	C	    2	1.05	9.26e-01	 175.99
  0	 34	C	    2	1.05	9.26e-01	 175.99
  0	142	A	    2	1.05	9.26e-01	 175.99
  1	 90	G	    2	1.05	9.26e-01	 175.99
  3	106	T	    2	1.05	9.26e-01	 175.99
  4	 56	T	    2	1.05	9.26e-01	 175.99
  4	 82	T	    2	1.05	9.26e-01	 175.99
  0	145	G	    2	1.05	9.26e-01	 175.99
  3	 20	A	    2	1.05	9.26e-01	 175.99
  0	 92	T	    2	1.05	9.26e-01	 175.99
  1	 73	A	    2	1.05	9.26e-01	 175.99
  4	 48	G	    2	1.05	9.26e-01	 175.99
  0	156	A	    2	1.05	9.26e-01	 175.99
  1	152	A	    2	1.05	9.26e-01	 175.99
  0	104	C	    2	1.05	9.26e-01	 175.99
  3	 19	G	    2	1.05	9.26e-01	 175.99
  3	 92	C	    2	1.05	9.26e-01	 175.99
  4	 94	T	    2	1.05	9.26e-01	 175.99
  0	 23	T	    2	1.05	9.26e-01	 175.99
  1	 43	G	    2	1.05	9.26e-01	 175.99
  3	 26	A	    2	1.05	9.26e-01	 175.99
  1	102	G	    2	1.05	9.26e-01	 175.99
  1	150	G	    2	1.05	9.26e-01	 175.99
  3	 67	T	    2	1.05	9.26e-01	 175.99
  3	 79	G	    2	1.05	9.26e-01	 175.99
  1	107	C	    2	1.05	9.26e-01	 175.99
  2	 97	T	    2	1.05	9.26e-01	 175.99
  2	 98	G	    2	1.05	9.26e-01	 175.99
  2	157	T	    2	1.05	9.26e-01	 175.99
  4	119	C	    2	1.05	9.26e-01	 175.99
  0	151	C	    2	1.05	9.26e-01	 175.99
  0	155	C	    2	1.05	9.26e-01	 175.99
  2	 53	C	    2	1.05	9.26e-01	 175.99
  2	122	G	    2	1.05	9.26e-01	 175.99
  4	106	C	    2	1.05	9.26e-01	 175.99
  0	116	G	    2	1.05	9.26e-01	 175.99
  1	130	A	    2	1.05	9.26e-01	 175.99
  2	 70	T	    2	1.05	9.26e-01	 175.99
  1	101	G	    2	1.05	9.26e-01	 175.99
  4	104	C	    2	1.05	9.26e-01	 175.99
  1	123	T	    2	1.05	9.26e-01	 175.99
  2	 93	A	    2	1.05	9.26e-01	 175.99
  3	  6	T	    2	1.05	9.26e-01	 175.99
  3	125	T	    2	1.05	9.26e-01	 175.99
  3	141	T	    2	1.05	9.26e-01	 175.99
  4	 50	G	    2	1.05	9.26e-01	 175.99
  3	129	A	    2	1.05	9.26e-01	 175.99
  3	 54	G	    2	1.05	9.26e-01	 175.99
  2	 20	C	    2	1.05	9.26e-01	 175.99
  1	143	C	    2	1.05	9.26e-01	 175.99
  4	149	G	    2	1.05	9.26e-01	 175.99
  2	  9	G	    2	1.05	9.26e-01	 175.99
  2	119	T	    2	1.05	9.26e-01	 175.99
  0	 46	A	    2	1.05	9.26e-01	 175.99
  4	 32	C	    2	1.05	9.26e-01	 175.99
  4	120	G	    2	1.05	9.26e-01	 175.99
  3	 77	G	    2	1.05	9.26e-01	 175.99
  0	  5	G	    2	1.05	9.26e-01	 175.99
  0	 85	G	    2	1.05	9.26e-01	 175.99
  2	 58	G	    2	1.05	9.26e-01	 175.99
  0	134	G	    2	1.05	9.26e-01	 175.99
  1	 73	G	    2	1.05	9.26e-01	 175.99
  2	 18	G	    2	1.05	9.26e-01	 175.99
  3	 29	T	    2	1.05	9.26e-01	 175.99
  3	 31	G	    2	1.05	9.26e-01	 175.99
  0	 56	A	    2	1.05	9.26e-01	 175.99
  2	 86	C	    2	1.05	9.26e-01	 175.99
  3	102	T	    2	1.05	9.26e-01	 175.99
  1	 11	C	    2	1.05	9.26e-01	 175.99
  3	 97	A	    2	1.05	9.26e-01	 175.99
  1	 31	G	    2	1.05	9.26e-01	 175.99
  1	 69	A	    2	1.05	9.26e-01	 175.99
  0	 42	T	    2	1.05	9.26e-01	 175.99
  1	 14	T	    2	1.05	9.26e-01	 175.99
  2	163	A	    2	1.05	9.26e-01	 175.99
  2	 33	G	    2	1.05	9.26e-01	 175.99
  0	 32	T	    2	1.05	9.26e-01	 175.99
  2	 21	T	    2	1.05	9.26e-01	 175.99
  2	 69	G	    2	1.05	9.26e-01	 175.99
  0	115	G	    2	1.05	9.26e-01	 175.99
  3	 74	G	    2	1.05	9.26e-01	 175.99
  3	 88	G	    2	1.05	9.26e-01	 175.99
  4	 98	C	    2	1.05	9.26e-01	 175.99
  2	 77	G	    2	1.05	9.26e-01	 175.99
  2	155	T	    2	1.05	9.26e-01	 175.99
  3	154	A	    2	1.05	9.26e-01	 175.99
  1	157	C	    2	1.05	9.26e-01	 175.99
  1	133	T	    2	1.05	9.26e-01	 175.99
  4	 10	T	    2	1.05	9.26e-01	 175.99
  4	102	A	    2	1.05	9.26e-01	 175.99
  2	 70	G	    2	1.05	9.26e-01	 175.99
  0	 59	G	    2	1.05	9.26e-01	 175.99
  3	  4	G	    2	1.05	9.26e-01	 175.99
  0	 69	A	    2	1.05	9.26e-01	 175.99
  0	 84	T	    2	1.05	9.26e-01	 175.99
  0	133	T	    2	1.05	9.26e-01	 175.99
  1	 40	T	    2	1.05	9.26e-01	 175.99
  2	161	C	    2	1.05	9.26e-01	 175.99
  3	165	T	    2	1.05	9.26e-01	 175.99
  3	 37	T	    2	1.05	9.26e-01	 175.99
  3	 62	T	    2	1.05	9.26e-01	 175.99
  4	 46	A	    2	1.05	9.26e-01	 175.99
  4	 47	G	    2	1.05	9.26e-01	 175.99
  3	 49	A	    2	1.05	9.26e-01	 175.99
  4	 13	A	    2	1.05	9.26e-01	 175.99
  4	150	C	    2	1.05	9.26e-01	 175.99
  0	133	A	    2	1.05	9.26e-01	 175.99
  1	109	T	    2	1.05	9.26e-01	 175.99
  2	113	T	    2	1.05	9.26e-01	 175.99
  3	 93	T	    2	1.05	9.26e-01	 175.99
  4	 21	T	    2	1.05	9.26e-01	 175.99
  0	113	T	    2	1.05	9.26e-01	 175.99
  4	158	C	    2	1.05	9.26e-01	 175.99
  2	 99	C	    2	1.05	9.26e-01	 175.99
  2	 66	A	    2	1.05	9.26e-01	 175.99
  3	 30	A	    2	1.05	9.26e-01	 175.99
  1	  3	T	    2	1.05	9.26e-01	 175.99
  3	 42	T	    2	1.05	9.26e-01	 175.99
  3	 58	G	    2	1.05	9.26e-01	 175.99
  3	140	G	    2	1.05	9.26e-01	 175.99
  4	150	A	    2	1.05	9.26e-01	 175.99
  2	 45	G	    2	1.05	9.26e-01	 175.99
  1	  8	T	    2	1.05	9.26e-01	 175.99
  3	  9	T	    2	1.05	9.26e-01	 175.99
  2	 78	C	    2	1.05	9.26e-01	 175.99
  1	 25	A	    2	1.05	9.26e-01	 175.99
  4	 67	C	    2	1.05	9.26e-01	 175.99
  1	 20	A	    2	1.05	9.26e-01	 175.99
  1	 96	A	    2	1.05	9.26e-01	 175.99
  2	162	A	    2	1.05	9.26e-01	 175.99
  2	 62	A	    2	1.05	9.26e-01	 175.99
  4	144	T	    2	1.05	9.26e-01	 175.99
  3	153	G	    2	1.05	9.26e-01	 175.99
  1	 60	A	    1	0.53	9.79e-01	 185.99
  3	 49	T	    1	0.53	9.79e-01	 185.99
  3	142	T	    1	0.53	9.79e-01	 185.99
  0	 94	C	    1	0.53	9.79e-01	 185.99
  2	141	C	    1	0.53	9.79e-01	 185.99
  4	 24	C	    1	0.53	9.79e-01	 185.99
  2	 47	A	    1	0.53	9.79e-01	 185.99
  2	101	G	    1	0.53	9.79e-01	 185.99
  4	146	T	    1	0.53	9.79e-01	 185.99
  0	134	C	    1	0.53	9.79e-01	 185.99
  0	137	T	    1	0.53	9.79e-01	 185.99
  1	163	A	    1	0.53	9.79e-01	 185.99
  3	 47	A	    1	0.53	9.79e-01	 185.99
  3	127	T	    1	0.53	9.79e-01	 185.99
  1	 54	G	    1	0.53	9.79e-01	 185.99
  2	133	T	    1	0.53	9.79e-01	 185.99
  0	114	A	    1	0.53	9.79e-01	 185.99
  3	132	C	    1	0.53	9.79e-01	 185.99
  3	 73	C	    1	0.53	9.79e-01	 185.99
  1	 26	C	    1	0.53	9.79e-01	 185.99
  1	 33	C	    1	0.53	9.79e-01	 185.99
  3	 79	C	    1	0.53	9.79e-01	 185.99
  3	138	T	    1	0.53	9.79e-01	 185.99
  3	141	A	    1	0.53	9.79e-01	 185.99
  4	116	T	    1	0.53	9.79e-01	 185.99
  4	149	A	    1	0.53	9.79e-01	 185.99
  0	 22	A	    1	0.53	9.79e-01	 185.99
  1	153	G	    1	0.53	9.79e-01	 185.99
  2	160	T	    1	0.53	9.79e-01	 185.99
  4	  4	C	    1	0.53	9.79e-01	 185.99
  4	 12	G	    1	0.53	9.79e-01	 185.99
  4	 88	T	    1	0.53	9.79e-01	 185.99
  4	100	C	    1	0.53	9.79e-01	 185.99
  1	 38	T	    1	0.53	9.79e-01	 185.99
  2	100	G	    1	0.53	9.79e-01	 185.99
  3	 92	G	    1	0.53	9.79e-01	 185.99
  1	 35	T	    1	0.53	9.79e-01	 185.99
  1	128	A	    1	0.53	9.79e-01	 185.99
  1	165	A	    1	0.53	9.79e-01	 185.99
  4	 16	C	    1	0.53	9.79e-01	 185.99
  4	 34	A	    1	0.53	9.79e-01	 185.99
  4	107	G	    1	0.53	9.79e-01	 185.99
  0	 50	C	    1	0.53	9.79e-01	 185.99
  1	 65	C	    1	0.53	9.79e-01	 185.99
  1	 82	A	    1	0.53	9.79e-01	 185.99
  1	 86	C	    1	0.53	9.79e-01	 185.99
  2	 63	C	    1	0.53	9.79e-01	 185.99
  3	 81	C	    1	0.53	9.79e-01	 185.99
  0	 78	G	    1	0.53	9.79e-01	 185.99
  2	137	C	    1	0.53	9.79e-01	 185.99
  4	132	A	    1	0.53	9.79e-01	 185.99
  1	140	C	    1	0.53	9.79e-01	 185.99
  2	 85	G	    1	0.53	9.79e-01	 185.99
  3	 96	A	    1	0.53	9.79e-01	 185.99
  4	 55	C	    1	0.53	9.79e-01	 185.99
  0	 11	C	    1	0.53	9.79e-01	 185.99
  0	 78	T	    1	0.53	9.79e-01	 185.99
  2	117	G	    1	0.53	9.79e-01	 185.99
  0	103	C	    1	0.53	9.79e-01	 185.99
  0	119	G	    1	0.53	9.79e-01	 185.99
  1	 78	C	    1	0.53	9.79e-01	 185.99
  1	 98	G	    1	0.53	9.79e-01	 185.99
  2	 95	G	    1	0.53	9.79e-01	 185.99
  3	 87	C	    1	0.53	9.79e-01	 185.99
  4	152	C	    1	0.53	9.79e-01	 185.99
  4	164	A	    1	0.53	9.79e-01	 185.99
  4	165	C	    1	0.53	9.79e-01	 185.99
  0	118	C	    1	0.53	9.79e-01	 185.99
  0	166	T	    1	0.53	9.79e-01	 185.99
  4	143	A	    1	0.53	9.79e-01	 185.99
  0	 83	C	    1	0.53	9.79e-01	 185.99
  1	 19	G	    1	0.53	9.79e-01	 185.99
  3	 38	T	    1	0.53	9.79e-01	 185.99
  3	 39	C	    1	0.53	9.79e-01	 185.99
  0	 91	A	    1	0.53	9.79e-01	 185.99
  4	 40	A	    1	0.53	9.79e-01	 185.99
  4	155	G	    1	0.53	9.79e-01	 185.99
  0	  8	A	    1	0.53	9.79e-01	 185.99
  2	 30	T	    1	0.53	9.79e-01	 185.99
  2	 43	T	    1	0.53	9.79e-01	 185.99
  0	 67	C	    1	0.53	9.79e-01	 185.99
  1	 94	G	    1	0.53	9.79e-01	 185.99
  3	 85	C	    1	0.53	9.79e-01	 185.99
  0	  5	C	    1	0.53	9.79e-01	 185.99
  0	 62	A	    1	0.53	9.79e-01	 185.99
  1	 32	G	    1	0.53	9.79e-01	 185.99
  1	 56	G	    1	0.53	9.79e-01	 185.99
  2	117	A	    1	0.53	9.79e-01	 185.99
  2	147	C	    1	0.53	9.79e-01	 185.99
  3	 23	T	    1	0.53	9.79e-01	 185.99
  3	 24	G	    1	0.53	9.79e-01	 185.99
  3	 69	T	    1	0.53	9.79e-01	 185.99
  4	127	G	    1	0.53	9.79e-01	 185.99
  0	 78	C	    1	0.53	9.79e-01	 185.99
  0	 86	C	    1	0.53	9.79e-01	 185.99
  1	 20	G	    1	0.53	9.79e-01	 185.99
  1	111	A	    1	0.53	9.79e-01	 185.99
  2	 30	A	    1	0.53	9.79e-01	 185.99
  3	 10	T	    1	0.53	9.79e-01	 185.99
  4	108	C	    1	0.53	9.79e-01	 185.99
  0	 12	G	    1	0.53	9.79e-01	 185.99
  0	128	C	    1	0.53	9.79e-01	 185.99
  2	 47	G	    1	0.53	9.79e-01	 185.99
  3	 17	G	    1	0.53	9.79e-01	 185.99
  0	 69	G	    1	0.53	9.79e-01	 185.99
  0	 83	G	    1	0.53	9.79e-01	 185.99
  0	128	A	    1	0.53	9.79e-01	 185.99
  1	 15	G	    1	0.53	9.79e-01	 185.99
  1	 99	C	    1	0.53	9.79e-01	 185.99
  2	 94	T	    1	0.53	9.79e-01	 185.99
  2	 91	G	    1	0.53	9.79e-01	 185.99
  3	 20	C	    1	0.53	9.79e-01	 185.99
  4	 52	G	    1	0.53	9.79e-01	 185.99
  0	111	A	    1	0.53	9.79e-01	 185.99
  0	117	A	    1	0.53	9.79e-01	 185.99
  0	148	A	    1	0.53	9.79e-01	 185.99
  4	107	A	    1	0.53	9.79e-01	 185.99
  4	156	T	    1	0.53	9.79e-01	 185.99
  2	109	C	    1	0.53	9.79e-01	 185.99
  2	136	A	    1	0.53	9.79e-01	 185.99
  4	122	A	    1	0.53	9.79e-01	 185.99
  0	 19	A	    1	0.53	9.79e-01	 185.99
  0	108	C	    1	0.53	9.79e-01	 185.99
  0	123	T	    1	0.53	9.79e-01	 185.99
  0	124	G	    1	0.53	9.79e-01	 185.99
  0	151	G	    1	0.53	9.79e-01	 185.99
  2	 60	C	    1	0.53	9.79e-01	 185.99
  3	160	C	    1	0.53	9.79e-01	 185.99
  4	 39	C	    1	0.53	9.79e-01	 185.99
  4	 44	C	    1	0.53	9.79e-01	 185.99
  4	114	T	    1	0.53	9.79e-01	 185.99
  4	115	T	    1	0.53	9.79e-01	 185.99
  0	101	C	    1	0.53	9.79e-01	 185.99
  0	144	C	    1	0.53	9.79e-01	 185.99
  0	164	G	    1	0.53	9.79e-01	 185.99
  3	 40	T	    1	0.53	9.79e-01	 185.99
  3	144	C	    1	0.53	9.79e-01	 185.99
  3	146	T	    1	0.53	9.79e-01	 185.99
  4	 13	T	    1	0.53	9.79e-01	 185.99
  4	 16	G	    1	0.53	9.79e-01	 185.99
  4	 89	C	    1	0.53	9.79e-01	 185.99
  0	 56	G	    1	0.53	9.79e-01	 185.99
  0	 75	C	    1	0.53	9.79e-01	 185.99
  1	 56	A	    1	0.53	9.79e-01	 185.99
  1	 77	G	    1	0.53	9.79e-01	 185.99
  1	110	C	    1	0.53	9.79e-01	 185.99
  1	167	G	    1	0.53	9.79e-01	 185.99
  2	116	G	    1	0.53	9.79e-01	 185.99
  2	127	A	    1	0.53	9.79e-01	 185.99
  3	 56	A	    1	0.53	9.79e-01	 185.99
  4	 60	A	    1	0.53	9.79e-01	 185.99
  4	103	A	    1	0.53	9.79e-01	 185.99
  4	126	A	    1	0.53	9.79e-01	 185.99
  4	130	G	    1	0.53	9.79e-01	 185.99
  4	131	T	    1	0.53	9.79e-01	 185.99
  4	152	T	    1	0.53	9.79e-01	 185.99
  1	 64	G	    1	0.53	9.79e-01	 185.99
  0	  7	C	    1	0.53	9.79e-01	 185.99
  1	 36	G	    1	0.53	9.79e-01	 185.99
  2	 31	T	    1	0.53	9.79e-01	 185.99
  4	 65	A	    1	0.53	9.79e-01	 185.99
  0	 97	G	    1	0.53	9.79e-01	 185.99
  0	123	A	    1	0.53	9.79e-01	 185.99
  0	160	C	    1	0.53	9.79e-01	 185.99
  3	 80	T	    1	0.53	9.79e-01	 185.99
  4	138	C	    1	0.53	9.79e-01	 185.99
  0	 97	T	    1	0.53	9.79e-01	 185.99
  1	 13	T	    1	0.53	9.79e-01	 185.99
  1	151	A	    1	0.53	9.79e-01	 185.99
  4	 70	A	    1	0.53	9.79e-01	 185.99
  1	 47	G	    1	0.53	9.79e-01	 185.99
  1	158	G	    1	0.53	9.79e-01	 185.99
  2	  4	G	    1	0.53	9.79e-01	 185.99
  3	 11	G	    1	0.53	9.79e-01	 185.99
  3	163	C	    1	0.53	9.79e-01	 185.99
  4	 32	T	    1	0.53	9.79e-01	 185.99
  4	104	A	    1	0.53	9.79e-01	 185.99
  4	 63	A	    1	0.53	9.79e-01	 185.99
  0	 27	C	    1	0.53	9.79e-01	 185.99
  0	 28	T	    1	0.53	9.79e-01	 185.99
  0	148	C	    1	0.53	9.79e-01	 185.99
  1	103	A	    1	0.53	9.79e-01	 185.99
  1	153	T	    1	0.53	9.79e-01	 185.99
  3	 53	C	    1	0.53	9.79e-01	 185.99
  3	 67	C	    1	0.53	9.79e-01	 185.99
  0	106	C	    1	0.53	9.79e-01	 185.99
  0	143	C	    1	0.53	9.79e-01	 185.99
  3	 35	G	    1	0.53	9.79e-01	 185.99
  4	 60	C	    1	0.53	9.79e-01	 185.99
  1	126	T	    1	0.53	9.79e-01	 185.99
  4	123	A	    1	0.53	9.79e-01	 185.99
  4	124	G	    1	0.53	9.79e-01	 185.99
  0	 55	C	    1	0.53	9.79e-01	 185.99
  1	144	C	    1	0.53	9.79e-01	 185.99
  1	145	C	    1	0.53	9.79e-01	 185.99
  1	147	G	    1	0.53	9.79e-01	 185.99
  1	150	C	    1	0.53	9.79e-01	 185.99
  2	 21	A	    1	0.53	9.79e-01	 185.99
  2	113	A	    1	0.53	9.79e-01	 185.99
  3	122	G	    1	0.53	9.79e-01	 185.99
  4	 67	A	    1	0.53	9.79e-01	 185.99
  0	138	G	    1	0.53	9.79e-01	 185.99
  0	140	T	    1	0.53	9.79e-01	 185.99
  1	148	C	    1	0.53	9.79e-01	 185.99
  1	150	A	    1	0.53	9.79e-01	 185.99
  1	159	G	    1	0.53	9.79e-01	 185.99
  4	 91	T	    1	0.53	9.79e-01	 185.99
  4	132	G	    1	0.53	9.79e-01	 185.99
  4	142	A	    1	0.53	9.79e-01	 185.99
  4	148	T	    1	0.53	9.79e-01	 185.99
  2	 40	G	    1	0.53	9.79e-01	 185.99
  3	 45	T	    1	0.53	9.79e-01	 185.99
  3	100	G	    1	0.53	9.79e-01	 185.99
  3	101	C	    1	0.53	9.79e-01	 185.99
  4	 64	G	    1	0.53	9.79e-01	 185.99
  3	 87	A	    1	0.53	9.79e-01	 185.99
  2	 62	C	    1	0.53	9.79e-01	 185.99
  4	  3	C	    1	0.53	9.79e-01	 185.99
  4	110	C	    1	0.53	9.79e-01	 185.99
  0	 91	G	    1	0.53	9.79e-01	 185.99
  2	 44	T	    1	0.53	9.79e-01	 185.99
  2	144	G	    1	0.53	9.79e-01	 185.99
  3	  7	A	    1	0.53	9.79e-01	 185.99
  1	121	C	    1	0.53	9.79e-01	 185.99
  2	140	C	    1	0.53	9.79e-01	 185.99
  0	 20	C	    1	0.53	9.79e-01	 185.99
  0	150	A	    1	0.53	9.79e-01	 185.99
  0	151	A	    1	0.53	9.79e-01	 185.99
  4	 70	T	    1	0.53	9.79e-01	 185.99
  2	 58	A	    1	0.53	9.79e-01	 185.99
  0	 12	C	    1	0.53	9.79e-01	 185.99
  0	 30	C	    1	0.53	9.79e-01	 185.99
  1	 13	G	    1	0.53	9.79e-01	 185.99
  1	 62	T	    1	0.53	9.79e-01	 185.99
  1	121	G	    1	0.53	9.79e-01	 185.99
  1	142	C	    1	0.53	9.79e-01	 185.99
  2	 41	G	    1	0.53	9.79e-01	 185.99
  3	144	T	    1	0.53	9.79e-01	 185.99
  4	 97	G	    1	0.53	9.79e-01	 185.99
  0	165	T	    1	0.53	9.79e-01	 185.99
  2	120	G	    1	0.53	9.79e-01	 185.99
  1	160	C	    1	0.53	9.79e-01	 185.99
  0	 31	T	    1	0.53	9.79e-01	 185.99
  1	 87	A	    1	0.53	9.79e-01	 185.99
  1	 88	A	    1	0.53	9.79e-01	 185.99
  2	134	A	    1	0.53	9.79e-01	 185.99
  4	 41	T	    1	0.53	9.79e-01	 185.99
  3	123	A	    1	0.53	9.79e-01	 185.99
  3	161	A	    1	0.53	9.79e-01	 185.99
  0	139	G	    1	0.53	9.79e-01	 185.99
  0	166	G	    1	0.53	9.79e-01	 185.99
  2	129	A	    1	0.53	9.79e-01	 185.99
  3	 76	G	    1	0.53	9.79e-01	 185.99
  4	160	T	    1	0.53	9.79e-01	 185.99
  0	 84	A	    1	0.53	9.79e-01	 185.99
  3	164	G	    1	0.53	9.79e-01	 185.99
  4	 43	T	    1	0.53	9.79e-01	 185.99
  3	 68	C	    1	0.53	9.79e-01	 185.99
  4	151	G	    1	0.53	9.79e-01	 185.99
  1	117	A	    1	0.53	9.79e-01	 185.99
  3	 83	C	    1	0.53	9.79e-01	 185.99
  4	 21	C	    1	0.53	9.79e-01	 185.99
  0	 12	T	    1	0.53	9.79e-01	 185.99
  1	 79	G	    1	0.53	9.79e-01	 185.99
  1	 89	G	    1	0.53	9.79e-01	 185.99
  2	 80	G	    1	0.53	9.79e-01	 185.99
  2	128	G	    1	0.53	9.79e-01	 185.99
  3	105	C	    1	0.53	9.79e-01	 185.99
  3	131	G	    1	0.53	9.79e-01	 185.99
  4	 10	C	    1	0.53	9.79e-01	 185.99
  0	112	A	    1	0.53	9.79e-01	 185.99
  1	 31	A	    1	0.53	9.79e-01	 185.99
  1	 32	T	    1	0.53	9.79e-01	 185.99
  2	 11	G	    1	0.53	9.79e-01	 185.99
  2	 78	T	    1	0.53	9.79e-01	 185.99
  4	138	G	    1	0.53	9.79e-01	 185.99
  0	 35	A	    1	0.53	9.79e-01	 185.99
  0	106	T	    1	0.53	9.79e-01	 185.99
  2	125	C	    1	0.53	9.79e-01	 185.99
  2	152	G	    1	0.53	9.79e-01	 185.99
  3	 59	G	    1	0.53	9.79e-01	 185.99
  1	133	C	    1	0.53	9.79e-01	 185.99
  1	 71	A	    1	0.53	9.79e-01	 185.99
  3	151	C	    1	0.53	9.79e-01	 185.99
  4	  5	T	    1	0.53	9.79e-01	 185.99
  0	 91	C	    1	0.53	9.79e-01	 185.99
  1	120	G	    1	0.53	9.79e-01	 185.99
  3	 15	C	    1	0.53	9.79e-01	 185.99
  3	162	C	    1	0.53	9.79e-01	 185.99
  0	168	G	    1	0.53	9.79e-01	 185.99
  3	 19	C	    1	0.53	9.79e-01	 185.99
  0	121	G	    1	0.53	9.79e-01	 185.99
  1	156	G	    1	0.53	9.79e-01	 185.99
  4	  8	T	    1	0.53	9.79e-01	 185.99
  4	 73	C	    1	0.53	9.79e-01	 185.99
  2	156	C	    1	0.53	9.79e-01	 185.99
  1	 42	A	    1	0.53	9.79e-01	 185.99
  2	 13	C	    1	0.53	9.79e-01	 185.99
  4	 23	T	    1	0.53	9.79e-01	 185.99
  2	 28	A	    1	0.53	9.79e-01	 185.99
  2	159	T	    1	0.53	9.79e-01	 185.99
  3	 69	A	    1	0.53	9.79e-01	 185.99
  1	138	C	    1	0.53	9.79e-01	 185.99
  2	 32	C	    1	0.53	9.79e-01	 185.99
  2	124	G	    1	0.53	9.79e-01	 185.99
  3	144	G	    1	0.53	9.79e-01	 185.99
  4	 85	C	    1	0.53	9.79e-01	 185.99
  4	 91	C	    1	0.53	9.79e-01	 185.99
  4	133	G	    1	0.53	9.79e-01	 185.99
  1	 69	G	    1	0.53	9.79e-01	 185.99
  2	123	A	    1	0.53	9.79e-01	 185.99
  3	 17	A	    1	0.53	9.79e-01	 185.99
  3	 50	C	    1	0.53	9.79e-01	 185.99
  0	 24	T	    1	0.53	9.79e-01	 185.99
  0	 57	G	    1	0.53	9.79e-01	 185.99
  0	 61	G	    1	0.53	9.79e-01	 185.99
  1	 46	T	    1	0.53	9.79e-01	 185.99
  1	 67	G	    1	0.53	9.79e-01	 185.99
  1	 82	G	    1	0.53	9.79e-01	 185.99
  1	 83	C	    1	0.53	9.79e-01	 185.99
  1	112	C	    1	0.53	9.79e-01	 185.99
  1	118	T	    1	0.53	9.79e-01	 185.99
  1	141	T	    1	0.53	9.79e-01	 185.99
  2	 39	A	    1	0.53	9.79e-01	 185.99
  2	 85	A	    1	0.53	9.79e-01	 185.99
  2	 96	A	    1	0.53	9.79e-01	 185.99
  0	 15	C	    1	0.53	9.79e-01	 185.99
  2	 57	T	    1	0.53	9.79e-01	 185.99
  2	108	T	    1	0.53	9.79e-01	 185.99
  3	 73	G	    1	0.53	9.79e-01	 185.99
  4	 59	C	    1	0.53	9.79e-01	 185.99
  4	165	G	    1	0.53	9.79e-01	 185.99
  0	149	G	    1	0.53	9.79e-01	 185.99
  0	152	T	    1	0.53	9.79e-01	 185.99
  1	 30	A	    1	0.53	9.79e-01	 185.99
  1	 98	A	    1	0.53	9.79e-01	 185.99
  1	 99	T	    1	0.53	9.79e-01	 185.99
  1	122	C	    1	0.53	9.79e-01	 185.99
  2	 94	C	    1	0.53	9.79e-01	 185.99
  3	 22	C	    1	0.53	9.79e-01	 185.99
  3	 51	T	    1	0.53	9.79e-01	 185.99
  3	129	C	    1	0.53	9.79e-01	 185.99
  2	 77	C	    1	0.53	9.79e-01	 185.99
  1	 95	T	    1	0.53	9.79e-01	 185.99
  2	111	G	    1	0.53	9.79e-01	 185.99
  3	 44	C	    1	0.53	9.79e-01	 185.99
  4	129	A	    1	0.53	9.79e-01	 185.99
  0	  9	T	    1	0.53	9.79e-01	 185.99
  0	 10	T	    1	0.53	9.79e-01	 185.99
  1	 44	C	    1	0.53	9.79e-01	 185.99
  3	136	C	    1	0.53	9.79e-01	 185.99
  0	 67	T	    1	0.53	9.79e-01	 185.99
  1	 75	A	    1	0.53	9.79e-01	 185.99
  2	 73	G	    1	0.53	9.79e-01	 185.99
  3	 78	T	    1	0.53	9.79e-01	 185.99
  0	 54	C	    1	0.53	9.79e-01	 185.99
  1	114	C	    1	0.53	9.79e-01	 185.99
  3	 24	T	    1	0.53	9.79e-01	 185.99
  1	  9	C	    1	0.53	9.79e-01	 185.99
  4	 17	A	    1	0.53	9.79e-01	 185.99
  4	 20	A	    1	0.53	9.79e-01	 185.99
  0	 24	C	    1	0.53	9.79e-01	 185.99
  0	 26	A	    1	0.53	9.79e-01	 185.99
  0	 53	G	    1	0.53	9.79e-01	 185.99
  0	 59	C	    1	0.53	9.79e-01	 185.99
  0	157	C	    1	0.53	9.79e-01	 185.99
  1	 70	C	    1	0.53	9.79e-01	 185.99
  1	 97	A	    1	0.53	9.79e-01	 185.99
  1	119	A	    1	0.53	9.79e-01	 185.99
  2	 10	C	    1	0.53	9.79e-01	 185.99
  2	 83	C	    1	0.53	9.79e-01	 185.99
  2	103	C	    1	0.53	9.79e-01	 185.99
  4	 11	G	    1	0.53	9.79e-01	 185.99
  0	103	T	    1	0.53	9.79e-01	 185.99
  0	  7	A	    1	0.53	9.79e-01	 185.99
  0	 65	A	    1	0.53	9.79e-01	 185.99
  0	 66	T	    1	0.53	9.79e-01	 185.99
  1	 34	G	    1	0.53	9.79e-01	 185.99
  1	118	A	    1	0.53	9.79e-01	 185.99
  2	 41	T	    1	0.53	9.79e-01	 185.99
  2	 54	G	    1	0.53	9.79e-01	 185.99
  3	 34	G	    1	0.53	9.79e-01	 185.99
  3	157	C	    1	0.53	9.79e-01	 185.99
  0	 38	A	    1	0.53	9.79e-01	 185.99
  0	 39	C	    1	0.53	9.79e-01	 185.99
  0	 98	A	    1	0.53	9.79e-01	 185.99
  1	 53	G	    1	0.53	9.79e-01	 185.99
  1	146	G	    1	0.53	9.79e-01	 185.99
  4	  7	G	    1	0.53	9.79e-01	 185.99
  4	 19	G	    1	0.53	9.79e-01	 185.99
  4	 71	A	    1	0.53	9.79e-01	 185.99
  4	123	G	    1	0.53	9.79e-01	 185.99
  0	138	T	    1	0.53	9.79e-01	 185.99
  2	  5	G	    1	0.53	9.79e-01	 185.99
  3	143	C	    1	0.53	9.79e-01	 185.99
  4	 42	A	    1	0.53	9.79e-01	 185.99
  4	 53	A	    1	0.53	9.79e-01	 185.99
  2	 17	G	    1	0.53	9.79e-01	 185.99
  3	101	G	    1	0.53	9.79e-01	 185.99
  4	 69	G	    1	0.53	9.79e-01	 185.99
  3	105	T	    1	0.53	9.79e-01	 185.99
  4	 15	G	    1	0.53	9.79e-01	 185.99
  4	 42	G	    1	0.53	9.79e-01	 185.99
  0	 47	C	    1	0.53	9.79e-01	 185.99
  0	126	A	    1	0.53	9.79e-01	 185.99
  0	145	C	    1	0.53	9.79e-01	 185.99
  1	 30	T	    1	0.53	9.79e-01	 185.99
  2	 35	G	    1	0.53	9.79e-01	 185.99
  4	144	C	    1	0.53	9.79e-01	 185.99
  4	161	G	    1	0.53	9.79e-01	 185.99
  0	 29	G	    1	0.53	9.79e-01	 185.99
  0	 33	G	    1	0.53	9.79e-01	 185.99
  4	 18	G	    1	0.53	9.79e-01	 185.99
  0	 45	T	    1	0.53	9.79e-01	 185.99
  0	 95	C	    1	0.53	9.79e-01	 185.99
  0	126	T	    1	0.53	9.79e-01	 185.99
  0	163	C	    1	0.53	9.79e-01	 185.99
  2	167	G	    1	0.53	9.79e-01	 185.99
  4	 30	C	    1	0.53	9.79e-01	 185.99
  4	 50	C	    1	0.53	9.79e-01	 185.99
  4	 71	C	    1	0.53	9.79e-01	 185.99
  2	 94	G	    1	0.53	9.79e-01	 185.99
  0	 17	G	    1	0.53	9.79e-01	 185.99
  0	 98	G	    1	0.53	9.79e-01	 185.99
  1	128	G	    1	0.53	9.79e-01	 185.99
  2	 63	T	    1	0.53	9.79e-01	 185.99
  2	134	G	    1	0.53	9.79e-01	 185.99
  0	  9	C	    1	0.53	9.79e-01	 185.99
  1	  7	G	    1	0.53	9.79e-01	 185.99
  2	142	C	    1	0.53	9.79e-01	 185.99
  3	  2	A	    1	0.53	9.79e-01	 185.99
  1	 69	T	    1	0.53	9.79e-01	 185.99
  3	 24	C	    1	0.53	9.79e-01	 185.99
  2	 95	C	    1	0.53	9.79e-01	 185.99
  2	 79	A	    1	0.53	9.79e-01	 185.99
  4	163	C	    1	0.53	9.79e-01	 185.99
  2	154	A	    1	0.53	9.79e-01	 185.99
  0	162	A	    1	0.53	9.79e-01	 185.99
  3	155	T	    1	0.53	9.79e-01	 185.99
  0	 73	G	    1	0.53	9.79e-01	 185.99
  0	115	T	    1	0.53	9.79e-01	 185.99
  0	120	G	    1	0.53	9.79e-01	 185.99
  1	107	G	    1	0.53	9.79e-01	 185.99
  3	 61	C	    1	0.53	9.79e-01	 185.99
  3	122	A	    1	0.53	9.79e-01	 185.99
  4	 27	C	    1	0.53	9.79e-01	 185.99
  4	162	C	    1	0.53	9.79e-01	 185.99
  0	102	T	    1	0.53	9.79e-01	 185.99
  1	 59	G	    1	0.53	9.79e-01	 185.99
  1	 22	C	    1	0.53	9.79e-01	 185.99
  4	153	A	    1	0.53	9.79e-01	 185.99
  4	154	T	    1	0.53	9.79e-01	 185.99
  0	  7	G	    1	0.53	9.79e-01	 185.99
  2	150	G	    1	0.53	9.79e-01	 185.99
  1	 16	T	    1	0.53	9.79e-01	 185.99
  2	 79	G	    1	0.53	9.79e-01	 185.99
  3	 14	G	    1	0.53	9.79e-01	 185.99
  3	106	C	    1	0.53	9.79e-01	 185.99
  0	 52	G	    1	0.53	9.79e-01	 185.99
  0	 86	G	    1	0.53	9.79e-01	 185.99
  0	107	C	    1	0.53	9.79e-01	 185.99
  0	131	A	    1	0.53	9.79e-01	 185.99
  1	 41	A	    1	0.53	9.79e-01	 185.99
  1	 68	C	    1	0.53	9.79e-01	 185.99
  1	 81	G	    1	0.53	9.79e-01	 185.99
  1	139	G	    1	0.53	9.79e-01	 185.99
  1	142	T	    1	0.53	9.79e-01	 185.99
  2	 37	T	    1	0.53	9.79e-01	 185.99
  2	 55	C	    1	0.53	9.79e-01	 185.99
  3	 57	T	    1	0.53	9.79e-01	 185.99
  3	 91	G	    1	0.53	9.79e-01	 185.99
  3	 92	T	    1	0.53	9.79e-01	 185.99
  4	 37	G	    1	0.53	9.79e-01	 185.99
  4	 81	G	    1	0.53	9.79e-01	 185.99
  4	106	T	    1	0.53	9.79e-01	 185.99
  1	 17	A	    1	0.53	9.79e-01	 185.99
  3	 27	C	    1	0.53	9.79e-01	 185.99
  3	 90	A	    1	0.53	9.79e-01	 185.99
  0	 38	G	    1	0.53	9.79e-01	 185.99
  0	158	C	    1	0.53	9.79e-01	 185.99
  1	 40	A	    1	0.53	9.79e-01	 185.99
  1	125	T	    1	0.53	9.79e-01	 185.99
  2	 64	G	    1	0.53	9.79e-01	 185.99
  4	153	T	    1	0.53	9.79e-01	 185.99
  4	164	T	    1	0.53	9.79e-01	 185.99
  0	166	C	    1	0.53	9.79e-01	 185.99
  2	115	G	    1	0.53	9.79e-01	 185.99
  3	132	A	    1	0.53	9.79e-01	 185.99
  3	133	C	    1	0.53	9.79e-01	 185.99
  4	 20	G	    1	0.53	9.79e-01	 185.99
  4	 29	C	    1	0.53	9.79e-01	 185.99
  4	133	A	    1	0.53	9.79e-01	 185.99
  1	 18	C	    1	0.53	9.79e-01	 185.99
  1	 21	T	    1	0.53	9.79e-01	 185.99
  1	 24	T	    1	0.53	9.79e-01	 185.99
  1	105	C	    1	0.53	9.79e-01	 185.99
  1	159	T	    1	0.53	9.79e-01	 185.99
  2	 24	C	    1	0.53	9.79e-01	 185.99
  2	141	T	    1	0.53	9.79e-01	 185.99
  3	 84	G	    1	0.53	9.79e-01	 185.99
  3	 85	A	    1	0.53	9.79e-01	 185.99
  4	 28	G	    1	0.53	9.79e-01	 185.99
  4	143	C	    1	0.53	9.79e-01	 185.99
  0	118	A	    1	0.53	9.79e-01	 185.99
  1	  4	A	    1	0.53	9.79e-01	 185.99
  1	 90	A	    1	0.53	9.79e-01	 185.99
  1	135	C	    1	0.53	9.79e-01	 185.99
  2	 55	A	    1	0.53	9.79e-01	 185.99
  2	145	T	    1	0.53	9.79e-01	 185.99
  2	158	C	    1	0.53	9.79e-01	 185.99
  3	 78	C	    1	0.53	9.79e-01	 185.99
  4	 23	C	    1	0.53	9.79e-01	 185.99
  4	 57	G	    1	0.53	9.79e-01	 185.99
  0	 89	G	    1	0.53	9.79e-01	 185.99
  1	 15	C	    1	0.53	9.79e-01	 185.99
  4	 34	G	    1	0.53	9.79e-01	 185.99
  2	100	A	    1	0.53	9.79e-01	 185.99
  3	104	T	    1	0.53	9.79e-01	 185.99
  1	129	C	    1	0.53	9.79e-01	 185.99
  1	136	T	    1	0.53	9.79e-01	 185.99
  2	 57	G	    1	0.53	9.79e-01	 185.99
  2	 58	C	    1	0.53	9.79e-01	 185.99
  2	 59	G	    1	0.53	9.79e-01	 185.99
  2	 62	T	    1	0.53	9.79e-01	 185.99
  2	 68	T	    1	0.53	9.79e-01	 185.99
  3	135	C	    1	0.53	9.79e-01	 185.99
  3	138	G	    1	0.53	9.79e-01	 185.99
  4	 67	G	    1	0.53	9.79e-01	 185.99
  0	 87	A	    1	0.53	9.79e-01	 185.99
  0	 88	A	    1	0.53	9.79e-01	 185.99
  0	153	T	    1	0.53	9.79e-01	 185.99
  1	131	G	    1	0.53	9.79e-01	 185.99
  2	  3	T	    1	0.53	9.79e-01	 185.99
  2	104	A	    1	0.53	9.79e-01	 185.99
  3	155	C	    1	0.53	9.79e-01	 185.99
  0	148	G	    1	0.53	9.79e-01	 185.99
  2	  5	C	    1	0.53	9.79e-01	 185.99
  4	 30	A	    1	0.53	9.79e-01	 185.99
  4	 59	A	    1	0.53	9.79e-01	 185.99
  0	108	G	    1	0.53	9.79e-01	 185.99
  4	 39	A	    1	0.53	9.79e-01	 185.99
  2	 65	C	    1	0.53	9.79e-01	 185.99
  4	127	A	    1	0.53	9.79e-01	 185.99
  4	149	C	    1	0.53	9.79e-01	 185.99
  4	 47	A	    1	0.53	9.79e-01	 185.99
  4	 49	T	    1	0.53	9.79e-01	 185.99
  4	 95	G	    1	0.53	9.79e-01	 185.99
  2	 79	C	    1	0.53	9.79e-01	 185.99
  2	 80	A	    1	0.53	9.79e-01	 185.99
  2	 93	T	    1	0.53	9.79e-01	 185.99
  3	100	A	    1	0.53	9.79e-01	 185.99
  1	 31	C	    1	0.53	9.79e-01	 185.99
  0	 49	A	    1	0.53	9.79e-01	 185.99
  1	 66	A	    1	0.53	9.79e-01	 185.99
  0	147	C	    1	0.53	9.79e-01	 185.99
  1	115	C	    1	0.53	9.79e-01	 185.99
  3	 36	G	    1	0.53	9.79e-01	 185.99
  3	112	G	    1	0.53	9.79e-01	 185.99
  1	 96	G	    1	0.53	9.79e-01	 185.99
  2	124	C	    1	0.53	9.79e-01	 185.99
  2	132	A	    1	0.53	9.79e-01	 185.99
  4	140	T	    1	0.53	9.79e-01	 185.99
  0	157	G	    1	0.53	9.79e-01	 185.99
  1	160	G	    1	0.53	9.79e-01	 185.99
  3	 18	G	    1	0.53	9.79e-01	 185.99
  4	 96	A	    1	0.53	9.79e-01	 185.99
  0	 16	C	    1	0.53	9.79e-01	 185.99
  0	 20	G	    1	0.53	9.79e-01	 185.99
  1	155	G	    1	0.53	9.79e-01	 185.99
  3	 40	G	    1	0.53	9.79e-01	 185.99
  3	 55	C	    1	0.53	9.79e-01	 185.99
  3	165	C	    1	0.53	9.79e-01	 185.99
  4	146	G	    1	0.53	9.79e-01	 185.99
  1	107	T	    1	0.53	9.79e-01	 185.99
  2	 11	C	    1	0.53	9.79e-01	 185.99
  2	116	T	    1	0.53	9.79e-01	 185.99
  3	 70	C	    1	0.53	9.79e-01	 185.99
  3	149	G	    1	0.53	9.79e-01	 185.99
  4	 96	G	    1	0.53	9.79e-01	 185.99
  0	  3	C	    1	0.53	9.79e-01	 185.99
  1	 62	C	    1	0.53	9.79e-01	 185.99
  1	 72	T	    1	0.53	9.79e-01	 185.99
  1	111	C	    1	0.53	9.79e-01	 185.99
  3	 63	C	    1	0.53	9.79e-01	 185.99
  0	109	G	    1	0.53	9.79e-01	 185.99
  0	 94	T	    1	0.53	9.79e-01	 185.99
  0	161	C	    1	0.53	9.79e-01	 185.99
  2	128	A	    1	0.53	9.79e-01	 185.99
  0	143	T	    1	0.53	9.79e-01	 185.99
  1	 40	G	    1	0.53	9.79e-01	 185.99
  4	101	G	    1	0.53	9.79e-01	 185.99
  4	102	T	    1	0.53	9.79e-01	 185.99
  0	136	T	    1	0.53	9.79e-01	 185.99
  0	146	G	    1	0.53	9.79e-01	 185.99
  1	122	A	    1	0.53	9.79e-01	 185.99
  1	 27	G	    1	0.53	9.79e-01	 185.99
  3	120	A	    1	0.53	9.79e-01	 185.99
  4	 43	C	    1	0.53	9.79e-01	 185.99
  0	 11	T	    1	0.53	9.79e-01	 185.99
  1	155	T	    1	0.53	9.79e-01	 185.99
  2	 23	T	    1	0.53	9.79e-01	 185.99
  4	 97	C	    1	0.53	9.79e-01	 185.99
  4	137	C	    1	0.53	9.79e-01	 185.99
  2	121	C	    1	0.53	9.79e-01	 185.99
  3	128	G	    1	0.53	9.79e-01	 185.99
  3	147	C	    1	0.53	9.79e-01	 185.99
  3	 76	T	    1	0.53	9.79e-01	 185.99
  3	 83	G	    1	0.53	9.79e-01	 185.99
  3	 85	T	    1	0.53	9.79e-01	 185.99
  1	 98	C	    1	0.53	9.79e-01	 185.99
  3	160	G	    1	0.53	9.79e-01	 185.99
  3	161	T	    1	0.53	9.79e-01	 185.99
  4	 84	C	    1	0.53	9.79e-01	 185.99
  4	114	C	    1	0.53	9.79e-01	 185.99
  4	132	C	    1	0.53	9.79e-01	 185.99
  2	 39	G	    1	0.53	9.79e-01	 185.99
  3	 10	A	    1	0.53	9.79e-01	 185.99
  3	137	T	    1	0.53	9.79e-01	 185.99
  0	 44	T	    1	0.53	9.79e-01	 185.99
  0	110	C	    1	0.53	9.79e-01	 185.99
  2	136	C	    1	0.53	9.79e-01	 185.99
  3	 60	T	    1	0.53	9.79e-01	 185.99
  4	142	T	    1	0.53	9.79e-01	 185.99
  1	 65	G	    1	0.53	9.79e-01	 185.99
  2	 28	G	    1	0.53	9.79e-01	 185.99
  4	 72	C	    1	0.53	9.79e-01	 185.99
  4	 62	T	    1	0.53	9.79e-01	 185.99
  1	 21	C	    1	0.53	9.79e-01	 185.99
  2	133	A	    1	0.53	9.79e-01	 185.99
  3	122	C	    1	0.53	9.79e-01	 185.99
  4	 99	T	    1	0.53	9.79e-01	 185.99
  0	 66	C	    1	0.53	9.79e-01	 185.99
  3	153	A	    1	0.53	9.79e-01	 185.99
  0	 45	G	    1	0.53	9.79e-01	 185.99
  0	 46	C	    1	0.53	9.79e-01	 185.99
  3	128	C	    1	0.53	9.79e-01	 185.99
  4	130	T	    1	0.53	9.79e-01	 185.99
  0	 70	C	    1	0.53	9.79e-01	 185.99
  0	 72	C	    1	0.53	9.79e-01	 185.99
  0	 73	C	    1	0.53	9.79e-01	 185.99
  4	  5	C	    1	0.53	9.79e-01	 185.99
  1	114	T	    1	0.53	9.79e-01	 185.99
  2	 42	G	    1	0.53	9.79e-01	 185.99
  2	137	A	    1	0.53	9.79e-01	 185.99
  3	 67	G	    1	0.53	9.79e-01	 185.99
  1	 27	C	    1	0.53	9.79e-01	 185.99
  1	147	T	    1	0.53	9.79e-01	 185.99
  1	 24	G	    1	0.53	9.79e-01	 185.99
  4	 75	C	    1	0.53	9.79e-01	 185.99
  0	117	T	    1	0.53	9.79e-01	 185.99
  2	 96	C	    1	0.53	9.79e-01	 185.99
  2	107	C	    1	0.53	9.79e-01	 185.99
  3	139	G	    1	0.53	9.79e-01	 185.99
  1	109	C	    1	0.53	9.79e-01	 185.99
  2	102	T	    1	0.53	9.79e-01	 185.99
  3	  4	A	    1	0.53	9.79e-01	 185.99
  3	 88	A	    1	0.53	9.79e-01	 185.99
  3	 98	G	    1	0.53	9.79e-01	 185.99
  3	 99	C	    1	0.53	9.79e-01	 185.99
  4	145	C	    1	0.53	9.79e-01	 185.99
  0	 63	C	    1	0.53	9.79e-01	 185.99
  0	154	G	    1	0.53	9.79e-01	 185.99
  1	117	T	    1	0.53	9.79e-01	 185.99
  2	 97	A	    1	0.53	9.79e-01	 185.99
  2	112	A	    1	0.53	9.79e-01	 185.99
  3	 61	A	    1	0.53	9.79e-01	 185.99
  3	110	C	    1	0.53	9.79e-01	 185.99
  3	111	A	    1	0.53	9.79e-01	 185.99
  3	145	C	    1	0.53	9.79e-01	 185.99
  4	133	C	    1	0.53	9.79e-01	 185.99
  0	 93	C	    1	0.53	9.79e-01	 185.99
  3	 87	G	    1	0.53	9.79e-01	 185.99
  3	107	C	    1	0.53	9.79e-01	 185.99
  4	116	A	    1	0.53	9.79e-01	 185.99
  1	 92	C	    1	0.53	9.79e-01	 185.99
  4	 39	G	    1	0.53	9.79e-01	 185.99
  0	 27	T	    1	0.53	9.79e-01	 185.99
  1	 37	G	    1	0.53	9.79e-01	 185.99
  3	 56	T	    1	0.53	9.79e-01	 185.99
  3	 94	T	    1	0.53	9.79e-01	 185.99
  3	 95	G	    1	0.53	9.79e-01	 185.99
  4	 19	A	    1	0.53	9.79e-01	 185.99
  4	145	A	    1	0.53	9.79e-01	 185.99
  3	  7	C	    1	0.53	9.79e-01	 185.99
  1	 80	T	    1	0.53	9.79e-01	 185.99
  0	141	T	    1	0.53	9.79e-01	 185.99

